archivo,ruta,n_cajas_oso,conf_max_oso,otras_clases
inat_101293546_169152786.jpg,data/raw/inaturalist\inat_101293546_169152786.jpg,1,0.636,
inat_101293546_169152801.jpg,data/raw/inaturalist\inat_101293546_169152801.jpg,1,0.713,cat
inat_101541869_169590449.jpg,data/raw/inaturalist\inat_101541869_169590449.jpg,1,0.891,apple
inat_101728832_169919723.jpg,data/raw/inaturalist\inat_101728832_169919723.jpg,8,0.732,
inat_101728832_169922803.jpg,data/raw/inaturalist\inat_101728832_169922803.jpg,1,0.956,elephant
inat_101823394_170091049.jpg,data/raw/inaturalist\inat_101823394_170091049.jpg,1,0.91,
inat_102298789_170973074.jpg,data/raw/inaturalist\inat_102298789_170973074.jpg,1,0.91,
inat_102352111_171071810.jpg,data/raw/inaturalist\inat_102352111_171071810.jpg,1,0.938,
inat_102630828_171604260.jpg,data/raw/inaturalist\inat_102630828_171604260.jpg,2,0.588,
inat_102630828_171604266.jpg,data/raw/inaturalist\inat_102630828_171604266.jpg,2,0.116,cat
inat_102630828_171604278.jpg,data/raw/inaturalist\inat_102630828_171604278.jpg,1,0.903,
inat_10293762_14254748.jpg,data/raw/inaturalist\inat_10293762_14254748.jpg,0,0.0,
inat_103617339_173423568.jpg,data/raw/inaturalist\inat_103617339_173423568.jpg,4,0.284,
inat_104063509_174317541.jpg,data/raw/inaturalist\inat_104063509_174317541.jpg,0,0.0,
inat_104436233_174991867.jpg,data/raw/inaturalist\inat_104436233_174991867.jpg,2,0.842,
inat_104436233_174994135.jpg,data/raw/inaturalist\inat_104436233_174994135.jpg,1,0.953,
inat_104436233_174994137.jpg,data/raw/inaturalist\inat_104436233_174994137.jpg,1,0.946,
inat_104572898_175251947.jpg,data/raw/inaturalist\inat_104572898_175251947.jpg,2,0.752,
inat_104572899_175251949.jpg,data/raw/inaturalist\inat_104572899_175251949.jpg,4,0.435,
inat_104887017_175852607.jpg,data/raw/inaturalist\inat_104887017_175852607.jpg,2,0.301,
inat_107670892_181136391.jpg,data/raw/inaturalist\inat_107670892_181136391.jpg,1,0.956,
inat_108196234_182120433.jpg,data/raw/inaturalist\inat_108196234_182120433.jpg,0,0.0,
inat_108196234_182120447.jpg,data/raw/inaturalist\inat_108196234_182120447.jpg,0,0.0,
inat_108196234_182120560.jpg,data/raw/inaturalist\inat_108196234_182120560.jpg,0,0.0,bird
inat_108196234_182120570.jpg,data/raw/inaturalist\inat_108196234_182120570.jpg,0,0.0,
inat_108510091_182707831.jpg,data/raw/inaturalist\inat_108510091_182707831.jpg,0,0.0,
inat_108694340_183055262.jpg,data/raw/inaturalist\inat_108694340_183055262.jpg,1,0.911,
inat_108751448_183162795.jpg,data/raw/inaturalist\inat_108751448_183162795.jpg,5,0.755,
inat_108751448_183162806.jpg,data/raw/inaturalist\inat_108751448_183162806.jpg,3,0.828,
inat_108751448_183162812.jpg,data/raw/inaturalist\inat_108751448_183162812.jpg,5,0.725,
inat_108764701_183188138.jpg,data/raw/inaturalist\inat_108764701_183188138.jpg,1,0.066,bird
inat_108967364_183567257.jpg,data/raw/inaturalist\inat_108967364_183567257.jpg,0,0.0,
inat_108967364_183567380.jpg,data/raw/inaturalist\inat_108967364_183567380.jpg,1,0.848,
inat_109296502_184185034.jpg,data/raw/inaturalist\inat_109296502_184185034.jpg,1,0.907,
inat_109296502_184185045.jpg,data/raw/inaturalist\inat_109296502_184185045.jpg,1,0.946,
inat_109334179_184255102.jpg,data/raw/inaturalist\inat_109334179_184255102.jpg,2,0.915,
inat_109334179_184255110.jpg,data/raw/inaturalist\inat_109334179_184255110.jpg,1,0.919,
inat_109393417_184365586.jpg,data/raw/inaturalist\inat_109393417_184365586.jpg,1,0.79,
inat_11011377_15522572.jpg,data/raw/inaturalist\inat_11011377_15522572.jpg,1,0.933,
inat_111313948_187898989.jpg,data/raw/inaturalist\inat_111313948_187898989.jpg,2,0.957,bird
inat_111406007_188064919.jpg,data/raw/inaturalist\inat_111406007_188064919.jpg,1,0.442,cat
inat_111707116_188602366.jpg,data/raw/inaturalist\inat_111707116_188602366.jpg,1,0.912,
inat_111974137_189082439.jpg,data/raw/inaturalist\inat_111974137_189082439.jpg,0,0.0,broccoli;carrot
inat_112237124_189572353.jpg,data/raw/inaturalist\inat_112237124_189572353.jpg,4,0.671,bird
inat_112237124_189572362.jpg,data/raw/inaturalist\inat_112237124_189572362.jpg,1,0.795,
inat_116757332_197115720.jpg,data/raw/inaturalist\inat_116757332_197115720.jpg,1,0.91,
inat_116757332_197115733.jpg,data/raw/inaturalist\inat_116757332_197115733.jpg,2,0.908,
inat_117944758_199230228.jpg,data/raw/inaturalist\inat_117944758_199230228.jpg,1,0.721,dog;elephant
inat_117944758_199230452.jpg,data/raw/inaturalist\inat_117944758_199230452.jpg,0,0.0,umbrella;zebra
inat_118989247_201102526.jpg,data/raw/inaturalist\inat_118989247_201102526.jpg,0,0.0,
inat_118989247_201102646.jpg,data/raw/inaturalist\inat_118989247_201102646.jpg,0,0.0,
inat_120446902_203713164.jpg,data/raw/inaturalist\inat_120446902_203713164.jpg,1,0.825,bird;elephant
inat_12360432_17804066.jpg,data/raw/inaturalist\inat_12360432_17804066.jpg,4,0.431,
inat_123905284_209956411.jpg,data/raw/inaturalist\inat_123905284_209956411.jpg,0,0.0,elephant
inat_126666811_214940566.jpg,data/raw/inaturalist\inat_126666811_214940566.jpg,0,0.0,bird
inat_126666811_214940605.jpg,data/raw/inaturalist\inat_126666811_214940605.jpg,0,0.0,
inat_128542087_218349836.jpg,data/raw/inaturalist\inat_128542087_218349836.jpg,3,0.827,
inat_128546441_218353421.jpg,data/raw/inaturalist\inat_128546441_218353421.jpg,0,0.0,teddy bear
inat_131403325_223613368.jpg,data/raw/inaturalist\inat_131403325_223613368.jpg,1,0.808,
inat_131403325_223613635.jpg,data/raw/inaturalist\inat_131403325_223613635.jpg,3,0.942,
inat_131403325_223613707.jpg,data/raw/inaturalist\inat_131403325_223613707.jpg,1,0.85,
inat_133281813_227003139.jpg,data/raw/inaturalist\inat_133281813_227003139.jpg,0,0.0,
inat_133361772_227143102.jpg,data/raw/inaturalist\inat_133361772_227143102.jpg,1,0.059,cat
inat_135695726_231474886.jpg,data/raw/inaturalist\inat_135695726_231474886.jpg,0,0.0,traffic light
inat_136649140_233244898.jpg,data/raw/inaturalist\inat_136649140_233244898.jpg,1,0.939,
inat_136766218_233468247.jpg,data/raw/inaturalist\inat_136766218_233468247.jpg,0,0.0,cow;elephant;sheep
inat_139213364_238069116.jpg,data/raw/inaturalist\inat_139213364_238069116.jpg,0,0.0,fire hydrant;person
inat_139469902_243492616.jpg,data/raw/inaturalist\inat_139469902_243492616.jpg,1,0.881,
inat_139469902_243924669.jpg,data/raw/inaturalist\inat_139469902_243924669.jpg,1,0.903,
inat_139761947_239109191.jpg,data/raw/inaturalist\inat_139761947_239109191.jpg,0,0.0,bird;orange
inat_139761947_239109207.jpg,data/raw/inaturalist\inat_139761947_239109207.jpg,0,0.0,bird;orange
inat_139971714_239512537.jpg,data/raw/inaturalist\inat_139971714_239512537.jpg,1,0.68,
inat_139978264_239521771.jpg,data/raw/inaturalist\inat_139978264_239521771.jpg,1,0.953,
inat_139978264_239521818.jpg,data/raw/inaturalist\inat_139978264_239521818.jpg,1,0.945,
inat_139978264_239521845.jpg,data/raw/inaturalist\inat_139978264_239521845.jpg,1,0.922,
inat_139978264_239521901.jpg,data/raw/inaturalist\inat_139978264_239521901.jpg,1,0.943,
inat_141614165_242647339.jpg,data/raw/inaturalist\inat_141614165_242647339.jpg,2,0.42,
inat_141672989_242758733.jpg,data/raw/inaturalist\inat_141672989_242758733.jpg,2,0.3,bird
inat_141672991_242758748.jpg,data/raw/inaturalist\inat_141672991_242758748.jpg,1,0.617,
inat_141675849_242767426.jpg,data/raw/inaturalist\inat_141675849_242767426.jpg,1,0.194,bird
inat_141675849_242953837.jpg,data/raw/inaturalist\inat_141675849_242953837.jpg,4,0.215,bird
inat_141675849_242953840.jpg,data/raw/inaturalist\inat_141675849_242953840.jpg,3,0.652,
inat_141675849_242953841.jpg,data/raw/inaturalist\inat_141675849_242953841.jpg,2,0.224,giraffe
inat_141675849_242953843.jpg,data/raw/inaturalist\inat_141675849_242953843.jpg,0,0.0,
inat_141675849_242953845.jpg,data/raw/inaturalist\inat_141675849_242953845.jpg,0,0.0,
inat_141675849_242953846.jpg,data/raw/inaturalist\inat_141675849_242953846.jpg,0,0.0,
inat_141675852_242767437.jpg,data/raw/inaturalist\inat_141675852_242767437.jpg,5,0.385,
inat_141675854_242767458.jpg,data/raw/inaturalist\inat_141675854_242767458.jpg,0,0.0,bird
inat_141675854_242955263.jpg,data/raw/inaturalist\inat_141675854_242955263.jpg,2,0.21,bird
inat_141675854_242955265.jpg,data/raw/inaturalist\inat_141675854_242955265.jpg,4,0.689,
inat_141675854_242955266.jpg,data/raw/inaturalist\inat_141675854_242955266.jpg,3,0.474,apple
inat_141675854_242955267.jpg,data/raw/inaturalist\inat_141675854_242955267.jpg,0,0.0,
inat_141675854_242955269.jpg,data/raw/inaturalist\inat_141675854_242955269.jpg,1,0.068,
inat_141675854_242955270.jpg,data/raw/inaturalist\inat_141675854_242955270.jpg,2,0.726,bird
inat_141675854_242955271.jpg,data/raw/inaturalist\inat_141675854_242955271.jpg,0,0.0,
inat_141675854_242955272.jpg,data/raw/inaturalist\inat_141675854_242955272.jpg,2,0.089,bird
inat_141675855_242767473.jpg,data/raw/inaturalist\inat_141675855_242767473.jpg,4,0.262,
inat_141675855_242956060.jpg,data/raw/inaturalist\inat_141675855_242956060.jpg,1,0.13,bird
inat_141675855_242956061.jpg,data/raw/inaturalist\inat_141675855_242956061.jpg,0,0.0,bird
inat_141675855_242956065.jpg,data/raw/inaturalist\inat_141675855_242956065.jpg,2,0.489,
inat_141675855_242956067.jpg,data/raw/inaturalist\inat_141675855_242956067.jpg,1,0.104,bird
inat_141675855_242956068.jpg,data/raw/inaturalist\inat_141675855_242956068.jpg,4,0.262,
inat_141675855_242956072.jpg,data/raw/inaturalist\inat_141675855_242956072.jpg,0,0.0,bird
inat_141675855_242956076.jpg,data/raw/inaturalist\inat_141675855_242956076.jpg,2,0.227,
inat_141675855_242956080.jpg,data/raw/inaturalist\inat_141675855_242956080.jpg,0,0.0,bird
inat_141675855_242956086.jpg,data/raw/inaturalist\inat_141675855_242956086.jpg,1,0.132,bird;giraffe
inat_141675855_242956088.jpg,data/raw/inaturalist\inat_141675855_242956088.jpg,1,0.069,bird
inat_141675855_242956090.jpg,data/raw/inaturalist\inat_141675855_242956090.jpg,2,0.136,apple;bird
inat_141675855_242956092.jpg,data/raw/inaturalist\inat_141675855_242956092.jpg,1,0.16,bird
inat_141675855_242956094.jpg,data/raw/inaturalist\inat_141675855_242956094.jpg,0,0.0,
inat_141675855_242956098.jpg,data/raw/inaturalist\inat_141675855_242956098.jpg,1,0.273,bird
inat_141675855_242956102.jpg,data/raw/inaturalist\inat_141675855_242956102.jpg,0,0.0,bird
inat_142108447_243585528.jpg,data/raw/inaturalist\inat_142108447_243585528.jpg,3,0.61,
inat_142108447_243585536.jpg,data/raw/inaturalist\inat_142108447_243585536.jpg,3,0.844,
inat_142108447_243586202.jpg,data/raw/inaturalist\inat_142108447_243586202.jpg,1,0.889,
inat_142112350_243592605.jpg,data/raw/inaturalist\inat_142112350_243592605.jpg,1,0.956,
inat_142112350_243602294.jpg,data/raw/inaturalist\inat_142112350_243602294.jpg,1,0.935,
inat_143217786_245594569.jpg,data/raw/inaturalist\inat_143217786_245594569.jpg,0,0.0,cat;dog
inat_143217786_245594579.jpg,data/raw/inaturalist\inat_143217786_245594579.jpg,2,0.348,cat;dog
inat_143402188_245923509.jpg,data/raw/inaturalist\inat_143402188_245923509.jpg,1,0.921,
inat_143831934_246743032.jpg,data/raw/inaturalist\inat_143831934_246743032.jpg,2,0.686,
inat_143831934_246743413.jpg,data/raw/inaturalist\inat_143831934_246743413.jpg,2,0.397,banana;frisbee
inat_143831934_246743435.jpg,data/raw/inaturalist\inat_143831934_246743435.jpg,1,0.488,cat;frisbee
inat_143831934_246743498.jpg,data/raw/inaturalist\inat_143831934_246743498.jpg,1,0.908,banana;frisbee
inat_144551812_248116202.jpg,data/raw/inaturalist\inat_144551812_248116202.jpg,1,0.869,
inat_144551812_248116233.jpg,data/raw/inaturalist\inat_144551812_248116233.jpg,1,0.767,
inat_144824209_248650196.jpg,data/raw/inaturalist\inat_144824209_248650196.jpg,1,0.068,cat
inat_144824209_248650204.jpg,data/raw/inaturalist\inat_144824209_248650204.jpg,2,0.3,bird
inat_145193495_249363593.jpg,data/raw/inaturalist\inat_145193495_249363593.jpg,1,0.815,
inat_145193495_249363606.jpg,data/raw/inaturalist\inat_145193495_249363606.jpg,1,0.622,bird
inat_145193495_249363619.jpg,data/raw/inaturalist\inat_145193495_249363619.jpg,1,0.756,bird
inat_145193495_249363638.jpg,data/raw/inaturalist\inat_145193495_249363638.jpg,1,0.159,bird
inat_146487727_251859171.jpg,data/raw/inaturalist\inat_146487727_251859171.jpg,3,0.934,
inat_146487727_251859188.jpg,data/raw/inaturalist\inat_146487727_251859188.jpg,1,0.844,
inat_147401695_253633467.jpg,data/raw/inaturalist\inat_147401695_253633467.jpg,0,0.0,bird
inat_147946488_254674743.jpg,data/raw/inaturalist\inat_147946488_254674743.jpg,0,0.0,
inat_147946488_254674751.jpg,data/raw/inaturalist\inat_147946488_254674751.jpg,0,0.0,
inat_147946488_254674758.jpg,data/raw/inaturalist\inat_147946488_254674758.jpg,0,0.0,
inat_147946488_254674764.jpg,data/raw/inaturalist\inat_147946488_254674764.jpg,0,0.0,
inat_147946488_254674768.jpg,data/raw/inaturalist\inat_147946488_254674768.jpg,0,0.0,
inat_147946488_254674773.jpg,data/raw/inaturalist\inat_147946488_254674773.jpg,0,0.0,
inat_147946488_254674779.jpg,data/raw/inaturalist\inat_147946488_254674779.jpg,0,0.0,
inat_147946488_254674784.jpg,data/raw/inaturalist\inat_147946488_254674784.jpg,0,0.0,
inat_147946488_254674798.jpg,data/raw/inaturalist\inat_147946488_254674798.jpg,0,0.0,
inat_147946488_254674817.jpg,data/raw/inaturalist\inat_147946488_254674817.jpg,0,0.0,
inat_148292942_255340654.jpg,data/raw/inaturalist\inat_148292942_255340654.jpg,1,0.185,bench;bird;cow
inat_148730244_256169116.jpg,data/raw/inaturalist\inat_148730244_256169116.jpg,1,0.611,bird;cat;dog;person;sports ball
inat_150079865_258713910.jpg,data/raw/inaturalist\inat_150079865_258713910.jpg,2,0.706,cow
inat_150079865_258715043.jpg,data/raw/inaturalist\inat_150079865_258715043.jpg,7,0.605,
inat_150079865_258715044.jpg,data/raw/inaturalist\inat_150079865_258715044.jpg,6,0.707,
inat_150079865_258715045.jpg,data/raw/inaturalist\inat_150079865_258715045.jpg,8,0.657,
inat_150079865_258715046.jpg,data/raw/inaturalist\inat_150079865_258715046.jpg,10,0.583,bird
inat_150079865_258715048.jpg,data/raw/inaturalist\inat_150079865_258715048.jpg,6,0.609,
inat_150079865_258715054.jpg,data/raw/inaturalist\inat_150079865_258715054.jpg,10,0.389,
inat_150079865_258715066.jpg,data/raw/inaturalist\inat_150079865_258715066.jpg,1,0.087,
inat_150079865_258715068.jpg,data/raw/inaturalist\inat_150079865_258715068.jpg,1,0.094,
inat_150079865_258715069.jpg,data/raw/inaturalist\inat_150079865_258715069.jpg,1,0.213,
inat_150079865_258715073.jpg,data/raw/inaturalist\inat_150079865_258715073.jpg,0,0.0,
inat_150079865_258715077.jpg,data/raw/inaturalist\inat_150079865_258715077.jpg,0,0.0,person
inat_150079865_258715078.jpg,data/raw/inaturalist\inat_150079865_258715078.jpg,0,0.0,
inat_150079865_258715087.jpg,data/raw/inaturalist\inat_150079865_258715087.jpg,3,0.41,
inat_150079865_258715091.jpg,data/raw/inaturalist\inat_150079865_258715091.jpg,1,0.717,bird
inat_150079865_258715092.jpg,data/raw/inaturalist\inat_150079865_258715092.jpg,1,0.873,
inat_150079865_258715094.jpg,data/raw/inaturalist\inat_150079865_258715094.jpg,1,0.5,
inat_150079865_258715095.jpg,data/raw/inaturalist\inat_150079865_258715095.jpg,1,0.591,bird
inat_150079865_258715097.jpg,data/raw/inaturalist\inat_150079865_258715097.jpg,1,0.952,
inat_150412310_259354700.jpg,data/raw/inaturalist\inat_150412310_259354700.jpg,2,0.916,elephant
inat_150412310_259354707.jpg,data/raw/inaturalist\inat_150412310_259354707.jpg,1,0.835,zebra
inat_150681077_259868943.jpg,data/raw/inaturalist\inat_150681077_259868943.jpg,1,0.291,donut;sandwich
inat_151151422_260754717.jpg,data/raw/inaturalist\inat_151151422_260754717.jpg,2,0.798,
inat_151151422_260754729.jpg,data/raw/inaturalist\inat_151151422_260754729.jpg,1,0.81,
inat_151151422_260754752.jpg,data/raw/inaturalist\inat_151151422_260754752.jpg,1,0.875,
inat_151151422_260754764.jpg,data/raw/inaturalist\inat_151151422_260754764.jpg,4,0.611,
inat_151151422_260754775.jpg,data/raw/inaturalist\inat_151151422_260754775.jpg,1,0.923,
inat_152077156_262484454.jpg,data/raw/inaturalist\inat_152077156_262484454.jpg,1,0.615,
inat_152077156_262484474.jpg,data/raw/inaturalist\inat_152077156_262484474.jpg,1,0.915,
inat_152077156_262484491.jpg,data/raw/inaturalist\inat_152077156_262484491.jpg,1,0.831,
inat_152171127_262647845.jpg,data/raw/inaturalist\inat_152171127_262647845.jpg,1,0.886,
inat_152171127_262647862.jpg,data/raw/inaturalist\inat_152171127_262647862.jpg,1,0.819,
inat_152171127_262647907.jpg,data/raw/inaturalist\inat_152171127_262647907.jpg,1,0.845,
inat_152339767_262970622.jpg,data/raw/inaturalist\inat_152339767_262970622.jpg,1,0.491,bird
inat_152339767_262970656.jpg,data/raw/inaturalist\inat_152339767_262970656.jpg,0,0.0,
inat_152899586_264006998.jpg,data/raw/inaturalist\inat_152899586_264006998.jpg,3,0.613,
inat_152899586_264007021.jpg,data/raw/inaturalist\inat_152899586_264007021.jpg,2,0.19,
inat_152988146_264163297.jpg,data/raw/inaturalist\inat_152988146_264163297.jpg,2,0.103,cow
inat_152988146_264163305.jpg,data/raw/inaturalist\inat_152988146_264163305.jpg,1,0.935,
inat_152988146_264163315.jpg,data/raw/inaturalist\inat_152988146_264163315.jpg,2,0.721,
inat_152988146_264163326.jpg,data/raw/inaturalist\inat_152988146_264163326.jpg,3,0.343,
inat_153335505_264823132.jpg,data/raw/inaturalist\inat_153335505_264823132.jpg,0,0.0,bird
inat_153335505_264823164.jpg,data/raw/inaturalist\inat_153335505_264823164.jpg,0,0.0,bird
inat_153335505_264823182.jpg,data/raw/inaturalist\inat_153335505_264823182.jpg,0,0.0,bird
inat_154433438_266843511.jpg,data/raw/inaturalist\inat_154433438_266843511.jpg,1,0.491,bird
inat_154433438_266844533.jpg,data/raw/inaturalist\inat_154433438_266844533.jpg,0,0.0,
inat_161011841_278271142.jpg,data/raw/inaturalist\inat_161011841_278271142.jpg,1,0.642,sheep
inat_161078514_278398046.jpg,data/raw/inaturalist\inat_161078514_278398046.jpg,1,0.889,
inat_161078722_278398382.jpg,data/raw/inaturalist\inat_161078722_278398382.jpg,1,0.059,bird
inat_161078722_278398397.jpg,data/raw/inaturalist\inat_161078722_278398397.jpg,0,0.0,cow
inat_162413684_280829430.jpg,data/raw/inaturalist\inat_162413684_280829430.jpg,1,0.802,
inat_16414340_24694642.jpg,data/raw/inaturalist\inat_16414340_24694642.jpg,0,0.0,carrot;frisbee
inat_16414340_24694649.jpg,data/raw/inaturalist\inat_16414340_24694649.jpg,0,0.0,carrot;frisbee
inat_165618594_286706998.jpg,data/raw/inaturalist\inat_165618594_286706998.jpg,1,0.907,
inat_167356662_289908557.jpg,data/raw/inaturalist\inat_167356662_289908557.jpg,1,0.884,
inat_167356664_289908566.jpg,data/raw/inaturalist\inat_167356664_289908566.jpg,1,0.817,
inat_167356669_289908571.jpg,data/raw/inaturalist\inat_167356669_289908571.jpg,1,0.333,cat
inat_167356670_289908582.jpg,data/raw/inaturalist\inat_167356670_289908582.jpg,1,0.826,
inat_167356671_289908593.jpg,data/raw/inaturalist\inat_167356671_289908593.jpg,5,0.395,
inat_167356673_289908609.jpg,data/raw/inaturalist\inat_167356673_289908609.jpg,1,0.374,
inat_167380575_289948357.jpg,data/raw/inaturalist\inat_167380575_289948357.jpg,1,0.933,
inat_167380575_289948384.jpg,data/raw/inaturalist\inat_167380575_289948384.jpg,1,0.887,
inat_167380575_289948407.jpg,data/raw/inaturalist\inat_167380575_289948407.jpg,1,0.962,
inat_168819965_292621345.jpg,data/raw/inaturalist\inat_168819965_292621345.jpg,1,0.94,
inat_168819968_292621393.jpg,data/raw/inaturalist\inat_168819968_292621393.jpg,1,0.41,bird
inat_168819970_292621446.jpg,data/raw/inaturalist\inat_168819970_292621446.jpg,1,0.746,
inat_168819979_292621563.jpg,data/raw/inaturalist\inat_168819979_292621563.jpg,1,0.947,
inat_170940246_296561476.jpg,data/raw/inaturalist\inat_170940246_296561476.jpg,1,0.771,
inat_170940246_296561499.jpg,data/raw/inaturalist\inat_170940246_296561499.jpg,1,0.906,
inat_170940246_296561530.jpg,data/raw/inaturalist\inat_170940246_296561530.jpg,1,0.919,
inat_170940246_296561558.jpg,data/raw/inaturalist\inat_170940246_296561558.jpg,1,0.936,
inat_170940246_296561583.jpg,data/raw/inaturalist\inat_170940246_296561583.jpg,1,0.879,
inat_170940246_296561602.jpg,data/raw/inaturalist\inat_170940246_296561602.jpg,1,0.913,
inat_170940246_296561623.jpg,data/raw/inaturalist\inat_170940246_296561623.jpg,2,0.675,
inat_170940246_296561642.jpg,data/raw/inaturalist\inat_170940246_296561642.jpg,1,0.952,
inat_171567436_297727331.jpg,data/raw/inaturalist\inat_171567436_297727331.jpg,2,0.566,
inat_173133096_300635104.jpg,data/raw/inaturalist\inat_173133096_300635104.jpg,0,0.0,person
inat_173133096_300635143.jpg,data/raw/inaturalist\inat_173133096_300635143.jpg,0,0.0,fire hydrant
inat_173133096_300635189.jpg,data/raw/inaturalist\inat_173133096_300635189.jpg,0,0.0,
inat_173296416_300932597.jpg,data/raw/inaturalist\inat_173296416_300932597.jpg,1,0.842,
inat_173296416_300932667.jpg,data/raw/inaturalist\inat_173296416_300932667.jpg,2,0.553,
inat_173296416_300932744.jpg,data/raw/inaturalist\inat_173296416_300932744.jpg,1,0.893,
inat_173296416_300932872.jpg,data/raw/inaturalist\inat_173296416_300932872.jpg,6,0.429,bird;cat
inat_174381180_302938670.jpg,data/raw/inaturalist\inat_174381180_302938670.jpg,1,0.826,
inat_174784853_303689551.jpg,data/raw/inaturalist\inat_174784853_303689551.jpg,0,0.0,
inat_175460020_304936637.jpg,data/raw/inaturalist\inat_175460020_304936637.jpg,0,0.0,person
inat_175460020_304936660.jpg,data/raw/inaturalist\inat_175460020_304936660.jpg,0,0.0,
inat_175487199_304987098.jpg,data/raw/inaturalist\inat_175487199_304987098.jpg,3,0.285,
inat_178340138_310312756.jpg,data/raw/inaturalist\inat_178340138_310312756.jpg,0,0.0,bowl;cake;dining table;orange
inat_178340138_310312761.jpg,data/raw/inaturalist\inat_178340138_310312761.jpg,0,0.0,apple;bowl;cake;orange
inat_178340138_310312796.jpg,data/raw/inaturalist\inat_178340138_310312796.jpg,0,0.0,apple;dining table;orange
inat_180018601_313503187.jpg,data/raw/inaturalist\inat_180018601_313503187.jpg,0,0.0,fire hydrant
inat_182167210_317571726.jpg,data/raw/inaturalist\inat_182167210_317571726.jpg,1,0.863,
inat_182167210_317571727.jpg,data/raw/inaturalist\inat_182167210_317571727.jpg,1,0.92,
inat_182824046_318839266.jpg,data/raw/inaturalist\inat_182824046_318839266.jpg,1,0.783,cat
inat_18304924_27968259.jpg,data/raw/inaturalist\inat_18304924_27968259.jpg,1,0.891,
inat_18304927_27968301.jpg,data/raw/inaturalist\inat_18304927_27968301.jpg,1,0.903,
inat_18304929_27968315.jpg,data/raw/inaturalist\inat_18304929_27968315.jpg,1,0.898,
inat_184930345_322866890.jpg,data/raw/inaturalist\inat_184930345_322866890.jpg,2,0.709,
inat_185165510_323340869.jpg,data/raw/inaturalist\inat_185165510_323340869.jpg,1,0.941,
inat_185426608_323841091.jpg,data/raw/inaturalist\inat_185426608_323841091.jpg,5,0.614,
inat_185509729_323996904.jpg,data/raw/inaturalist\inat_185509729_323996904.jpg,1,0.887,
inat_186416708_325774126.jpg,data/raw/inaturalist\inat_186416708_325774126.jpg,0,0.0,person
inat_186416708_325774151.jpg,data/raw/inaturalist\inat_186416708_325774151.jpg,0,0.0,
inat_18877345_28925395.jpg,data/raw/inaturalist\inat_18877345_28925395.jpg,3,0.695,
inat_188886269_330732669.jpg,data/raw/inaturalist\inat_188886269_330732669.jpg,2,0.61,car;dog;elephant;person;traffic light
inat_189167054_331299048.jpg,data/raw/inaturalist\inat_189167054_331299048.jpg,1,0.327,cow
inat_189349548_331675662.jpg,data/raw/inaturalist\inat_189349548_331675662.jpg,1,0.631,bird
inat_189472885_331930279.jpg,data/raw/inaturalist\inat_189472885_331930279.jpg,0,0.0,bird
inat_190068938_333113479.jpg,data/raw/inaturalist\inat_190068938_333113479.jpg,1,0.882,cat
inat_190362112_333687325.jpg,data/raw/inaturalist\inat_190362112_333687325.jpg,2,0.926,
inat_190412124_333788182.jpg,data/raw/inaturalist\inat_190412124_333788182.jpg,0,0.0,person;skateboard
inat_190431127_333826343.jpg,data/raw/inaturalist\inat_190431127_333826343.jpg,2,0.632,
inat_190431127_333826430.jpg,data/raw/inaturalist\inat_190431127_333826430.jpg,1,0.863,
inat_190441996_333845066.jpg,data/raw/inaturalist\inat_190441996_333845066.jpg,0,0.0,
inat_190728161_334419616.jpg,data/raw/inaturalist\inat_190728161_334419616.jpg,1,0.7,
inat_191714320_336389367.jpg,data/raw/inaturalist\inat_191714320_336389367.jpg,3,0.245,
inat_191973998_336910211.jpg,data/raw/inaturalist\inat_191973998_336910211.jpg,0,0.0,frisbee
inat_192459874_337861721.jpg,data/raw/inaturalist\inat_192459874_337861721.jpg,1,0.647,
inat_192796457_338534146.jpg,data/raw/inaturalist\inat_192796457_338534146.jpg,0,0.0,bicycle
inat_19338027_29733306.jpg,data/raw/inaturalist\inat_19338027_29733306.jpg,1,0.09,
inat_193563889_340040527.jpg,data/raw/inaturalist\inat_193563889_340040527.jpg,1,0.779,umbrella
inat_193563889_340040541.jpg,data/raw/inaturalist\inat_193563889_340040541.jpg,2,0.098,elephant;sheep
inat_193563889_340040550.jpg,data/raw/inaturalist\inat_193563889_340040550.jpg,2,0.42,cat
inat_193563889_340040562.jpg,data/raw/inaturalist\inat_193563889_340040562.jpg,2,0.266,
inat_193563889_340040573.jpg,data/raw/inaturalist\inat_193563889_340040573.jpg,1,0.062,kite;sheep
inat_193563889_340040584.jpg,data/raw/inaturalist\inat_193563889_340040584.jpg,0,0.0,sheep
inat_193563889_340040592.jpg,data/raw/inaturalist\inat_193563889_340040592.jpg,0,0.0,sheep
inat_193914030_340720234.jpg,data/raw/inaturalist\inat_193914030_340720234.jpg,0,0.0,bowl;broccoli
inat_193918842_340730727.jpg,data/raw/inaturalist\inat_193918842_340730727.jpg,0,0.0,bird
inat_193988354_340871805.jpg,data/raw/inaturalist\inat_193988354_340871805.jpg,1,0.238,elephant
inat_193988354_340871808.jpg,data/raw/inaturalist\inat_193988354_340871808.jpg,0,0.0,elephant
inat_193988354_340871817.jpg,data/raw/inaturalist\inat_193988354_340871817.jpg,0,0.0,
inat_193988354_340871846.jpg,data/raw/inaturalist\inat_193988354_340871846.jpg,0,0.0,car
inat_194128475_341150290.jpg,data/raw/inaturalist\inat_194128475_341150290.jpg,0,0.0,bird
inat_194197261_341291670.jpg,data/raw/inaturalist\inat_194197261_341291670.jpg,1,0.811,
inat_194197261_341291687.jpg,data/raw/inaturalist\inat_194197261_341291687.jpg,1,0.792,bird
inat_194934340_342795704.jpg,data/raw/inaturalist\inat_194934340_342795704.jpg,1,0.942,
inat_194934340_342795782.jpg,data/raw/inaturalist\inat_194934340_342795782.jpg,1,0.804,
inat_194934340_342795811.jpg,data/raw/inaturalist\inat_194934340_342795811.jpg,4,0.887,
inat_194934340_342795855.jpg,data/raw/inaturalist\inat_194934340_342795855.jpg,4,0.712,
inat_194934340_342795909.jpg,data/raw/inaturalist\inat_194934340_342795909.jpg,1,0.89,
inat_194934340_342795938.jpg,data/raw/inaturalist\inat_194934340_342795938.jpg,1,0.053,
inat_194934340_342796026.jpg,data/raw/inaturalist\inat_194934340_342796026.jpg,2,0.841,
inat_195010630_342953781.jpg,data/raw/inaturalist\inat_195010630_342953781.jpg,0,0.0,carrot
inat_195012477_342957659.jpg,data/raw/inaturalist\inat_195012477_342957659.jpg,0,0.0,hot dog;pizza;sandwich
inat_195017238_342967437.jpg,data/raw/inaturalist\inat_195017238_342967437.jpg,0,0.0,
inat_195559045_344072676.jpg,data/raw/inaturalist\inat_195559045_344072676.jpg,1,0.884,cat
inat_195559045_344074298.jpg,data/raw/inaturalist\inat_195559045_344074298.jpg,1,0.155,cow;elephant
inat_195579802_344114384.jpg,data/raw/inaturalist\inat_195579802_344114384.jpg,1,0.936,
inat_195579802_344114399.jpg,data/raw/inaturalist\inat_195579802_344114399.jpg,1,0.806,
inat_195579802_344114414.jpg,data/raw/inaturalist\inat_195579802_344114414.jpg,1,0.915,
inat_195579802_344114436.jpg,data/raw/inaturalist\inat_195579802_344114436.jpg,1,0.773,elephant
inat_195817525_344593084.jpg,data/raw/inaturalist\inat_195817525_344593084.jpg,1,0.843,
inat_195817525_344593087.jpg,data/raw/inaturalist\inat_195817525_344593087.jpg,1,0.904,
inat_19606548_30185734.jpg,data/raw/inaturalist\inat_19606548_30185734.jpg,1,0.635,
inat_19606548_30185737.jpg,data/raw/inaturalist\inat_19606548_30185737.jpg,1,0.931,
inat_196124797_345208668.jpg,data/raw/inaturalist\inat_196124797_345208668.jpg,0,0.0,cow;elephant;horse
inat_196124797_345208705.jpg,data/raw/inaturalist\inat_196124797_345208705.jpg,0,0.0,cow;horse;person
inat_196124797_345208746.jpg,data/raw/inaturalist\inat_196124797_345208746.jpg,0,0.0,cow;person
inat_19665936_30288426.jpg,data/raw/inaturalist\inat_19665936_30288426.jpg,0,0.0,bird
inat_196859657_346571726.jpg,data/raw/inaturalist\inat_196859657_346571726.jpg,1,0.432,
inat_196860866_346574052.jpg,data/raw/inaturalist\inat_196860866_346574052.jpg,3,0.877,
inat_196917960_346688999.jpg,data/raw/inaturalist\inat_196917960_346688999.jpg,1,0.936,
inat_196918298_346691190.jpg,data/raw/inaturalist\inat_196918298_346691190.jpg,0,0.0,
inat_197070185_347000902.jpg,data/raw/inaturalist\inat_197070185_347000902.jpg,1,0.388,elephant;person
inat_197070875_347002485.jpg,data/raw/inaturalist\inat_197070875_347002485.jpg,0,0.0,frisbee;person
inat_197071131_347003626.jpg,data/raw/inaturalist\inat_197071131_347003626.jpg,5,0.772,
inat_197223589_347309107.jpg,data/raw/inaturalist\inat_197223589_347309107.jpg,0,0.0,cow;elephant;horse
inat_197231536_347322704.jpg,data/raw/inaturalist\inat_197231536_347322704.jpg,1,0.857,
inat_197231536_347322731.jpg,data/raw/inaturalist\inat_197231536_347322731.jpg,1,0.802,
inat_197402719_347670771.jpg,data/raw/inaturalist\inat_197402719_347670771.jpg,1,0.897,frisbee;sports ball
inat_197402920_347671298.jpg,data/raw/inaturalist\inat_197402920_347671298.jpg,1,0.86,cat;frisbee
inat_197499498_347866473.jpg,data/raw/inaturalist\inat_197499498_347866473.jpg,1,0.885,
inat_197499498_347866482.jpg,data/raw/inaturalist\inat_197499498_347866482.jpg,1,0.864,
inat_197839918_348550665.jpg,data/raw/inaturalist\inat_197839918_348550665.jpg,0,0.0,
inat_197839918_348550682.jpg,data/raw/inaturalist\inat_197839918_348550682.jpg,0,0.0,bird
inat_197839918_351831058.jpg,data/raw/inaturalist\inat_197839918_351831058.jpg,0,0.0,
inat_197839918_351831068.jpg,data/raw/inaturalist\inat_197839918_351831068.jpg,2,0.775,
inat_198577276_350030978.jpg,data/raw/inaturalist\inat_198577276_350030978.jpg,1,0.912,
inat_198695778_350264124.jpg,data/raw/inaturalist\inat_198695778_350264124.jpg,1,0.915,
inat_19930100_30745666.jpg,data/raw/inaturalist\inat_19930100_30745666.jpg,0,0.0,cow;elephant;sheep
inat_199368482_351583542.jpg,data/raw/inaturalist\inat_199368482_351583542.jpg,2,0.806,bird
inat_199368552_351584124.jpg,data/raw/inaturalist\inat_199368552_351584124.jpg,1,0.732,cat
inat_19947593_30777867.jpg,data/raw/inaturalist\inat_19947593_30777867.jpg,1,0.814,
inat_199573459_351971525.jpg,data/raw/inaturalist\inat_199573459_351971525.jpg,2,0.098,
inat_199573459_351971596.jpg,data/raw/inaturalist\inat_199573459_351971596.jpg,1,0.8,
inat_199573459_351971600.jpg,data/raw/inaturalist\inat_199573459_351971600.jpg,0,0.0,
inat_199917176_353534243.jpg,data/raw/inaturalist\inat_199917176_353534243.jpg,1,0.139,cat
inat_200322984_353408850.jpg,data/raw/inaturalist\inat_200322984_353408850.jpg,1,0.933,
inat_200467208_353685101.jpg,data/raw/inaturalist\inat_200467208_353685101.jpg,0,0.0,fire hydrant;vase
inat_201164936_355055168.jpg,data/raw/inaturalist\inat_201164936_355055168.jpg,1,0.966,
inat_201164936_355055203.jpg,data/raw/inaturalist\inat_201164936_355055203.jpg,1,0.668,bench;horse
inat_20131658_31047441.jpg,data/raw/inaturalist\inat_20131658_31047441.jpg,1,0.944,
inat_202007115_356690340.jpg,data/raw/inaturalist\inat_202007115_356690340.jpg,2,0.899,
inat_202169168_357006903.jpg,data/raw/inaturalist\inat_202169168_357006903.jpg,1,0.857,frisbee;sports ball
inat_202169436_357007614.jpg,data/raw/inaturalist\inat_202169436_357007614.jpg,3,0.897,
inat_202169795_357008330.jpg,data/raw/inaturalist\inat_202169795_357008330.jpg,1,0.111,frisbee
inat_202170016_357008799.jpg,data/raw/inaturalist\inat_202170016_357008799.jpg,0,0.0,frisbee
inat_202170207_357009170.jpg,data/raw/inaturalist\inat_202170207_357009170.jpg,1,0.612,frisbee;kite;sports ball
inat_20237971_31234275.jpg,data/raw/inaturalist\inat_20237971_31234275.jpg,3,0.464,
inat_20237971_31234280.jpg,data/raw/inaturalist\inat_20237971_31234280.jpg,2,0.776,
inat_20237971_79034741.jpg,data/raw/inaturalist\inat_20237971_79034741.jpg,3,0.68,
inat_20237971_79034742.jpg,data/raw/inaturalist\inat_20237971_79034742.jpg,4,0.415,
inat_20237971_79034743.jpg,data/raw/inaturalist\inat_20237971_79034743.jpg,6,0.194,elephant
inat_20237971_79034744.jpg,data/raw/inaturalist\inat_20237971_79034744.jpg,5,0.8,
inat_20237971_79034745.jpg,data/raw/inaturalist\inat_20237971_79034745.jpg,2,0.339,
inat_20237971_79034746.jpg,data/raw/inaturalist\inat_20237971_79034746.jpg,1,0.174,cat
inat_202554131_357751054.jpg,data/raw/inaturalist\inat_202554131_357751054.jpg,1,0.891,elephant
inat_202554131_357751069.jpg,data/raw/inaturalist\inat_202554131_357751069.jpg,1,0.922,
inat_202554131_357751075.jpg,data/raw/inaturalist\inat_202554131_357751075.jpg,1,0.936,
inat_202554131_357751175.jpg,data/raw/inaturalist\inat_202554131_357751175.jpg,1,0.902,
inat_202554131_357751179.jpg,data/raw/inaturalist\inat_202554131_357751179.jpg,1,0.915,
inat_202554131_357751191.jpg,data/raw/inaturalist\inat_202554131_357751191.jpg,1,0.94,
inat_20264187_31278908.jpg,data/raw/inaturalist\inat_20264187_31278908.jpg,6,0.718,
inat_20264187_31278915.jpg,data/raw/inaturalist\inat_20264187_31278915.jpg,1,0.806,
inat_202957609_358520878.jpg,data/raw/inaturalist\inat_202957609_358520878.jpg,1,0.701,
inat_204503138_361482848.jpg,data/raw/inaturalist\inat_204503138_361482848.jpg,1,0.236,
inat_204503138_361482859.jpg,data/raw/inaturalist\inat_204503138_361482859.jpg,0,0.0,bird;elephant
inat_204503138_361482862.jpg,data/raw/inaturalist\inat_204503138_361482862.jpg,1,0.067,apple;bird
inat_204503138_361482873.jpg,data/raw/inaturalist\inat_204503138_361482873.jpg,1,0.124,apple;bird
inat_204503138_361482881.jpg,data/raw/inaturalist\inat_204503138_361482881.jpg,1,0.271,apple
inat_204503138_361482888.jpg,data/raw/inaturalist\inat_204503138_361482888.jpg,1,0.396,apple;bird
inat_204503138_361482889.jpg,data/raw/inaturalist\inat_204503138_361482889.jpg,1,0.24,
inat_204503138_361482910.jpg,data/raw/inaturalist\inat_204503138_361482910.jpg,1,0.107,giraffe
inat_206147476_364568429.jpg,data/raw/inaturalist\inat_206147476_364568429.jpg,0,0.0,bird
inat_206517028_365259213.jpg,data/raw/inaturalist\inat_206517028_365259213.jpg,1,0.917,
inat_206517028_365259239.jpg,data/raw/inaturalist\inat_206517028_365259239.jpg,1,0.865,
inat_206517028_365259261.jpg,data/raw/inaturalist\inat_206517028_365259261.jpg,2,0.867,
inat_206517028_365259283.jpg,data/raw/inaturalist\inat_206517028_365259283.jpg,1,0.929,
inat_207852911_367698207.jpg,data/raw/inaturalist\inat_207852911_367698207.jpg,1,0.807,bird
inat_207852911_367698225.jpg,data/raw/inaturalist\inat_207852911_367698225.jpg,1,0.629,bird
inat_207852911_367698244.jpg,data/raw/inaturalist\inat_207852911_367698244.jpg,2,0.873,apple
inat_20865121_32191353.jpg,data/raw/inaturalist\inat_20865121_32191353.jpg,0,0.0,bottle;cup
inat_20865121_32191358.jpg,data/raw/inaturalist\inat_20865121_32191358.jpg,0,0.0,
inat_209124147_370061828.jpg,data/raw/inaturalist\inat_209124147_370061828.jpg,1,0.961,
inat_209124147_370061830.jpg,data/raw/inaturalist\inat_209124147_370061830.jpg,1,0.941,
inat_209124147_370061834.jpg,data/raw/inaturalist\inat_209124147_370061834.jpg,2,0.816,
inat_209137859_370086414.jpg,data/raw/inaturalist\inat_209137859_370086414.jpg,1,0.927,
inat_20996686_32428324.jpg,data/raw/inaturalist\inat_20996686_32428324.jpg,0,0.0,
inat_212924159_376275299.jpg,data/raw/inaturalist\inat_212924159_376275299.jpg,0,0.0,
inat_212924159_376275301.jpg,data/raw/inaturalist\inat_212924159_376275301.jpg,0,0.0,giraffe;person
inat_212924159_376275303.jpg,data/raw/inaturalist\inat_212924159_376275303.jpg,0,0.0,person
inat_212924492_376275897.jpg,data/raw/inaturalist\inat_212924492_376275897.jpg,1,0.927,
inat_214259825_378698589.jpg,data/raw/inaturalist\inat_214259825_378698589.jpg,2,0.546,
inat_21451094_33189381.jpg,data/raw/inaturalist\inat_21451094_33189381.jpg,0,0.0,cow
inat_217136302_384088043.jpg,data/raw/inaturalist\inat_217136302_384088043.jpg,1,0.135,cow
inat_217731423_385212806.jpg,data/raw/inaturalist\inat_217731423_385212806.jpg,1,0.88,
inat_219866404_389205473.jpg,data/raw/inaturalist\inat_219866404_389205473.jpg,1,0.708,
inat_221440172_392151884.jpg,data/raw/inaturalist\inat_221440172_392151884.jpg,2,0.824,
inat_222117969_393419145.jpg,data/raw/inaturalist\inat_222117969_393419145.jpg,0,0.0,orange
inat_222117969_393419250.jpg,data/raw/inaturalist\inat_222117969_393419250.jpg,1,0.057,fire hydrant
inat_22276563_34497962.jpg,data/raw/inaturalist\inat_22276563_34497962.jpg,1,0.78,
inat_222900651_394888153.jpg,data/raw/inaturalist\inat_222900651_394888153.jpg,2,0.606,
inat_224335919_397594433.jpg,data/raw/inaturalist\inat_224335919_397594433.jpg,2,0.809,
inat_224750818_398377940.jpg,data/raw/inaturalist\inat_224750818_398377940.jpg,2,0.147,
inat_224750911_398378148.jpg,data/raw/inaturalist\inat_224750911_398378148.jpg,1,0.344,cow;horse
inat_224913815_398689035.jpg,data/raw/inaturalist\inat_224913815_398689035.jpg,1,0.955,
inat_224913815_398689040.jpg,data/raw/inaturalist\inat_224913815_398689040.jpg,1,0.955,
inat_225136894_399120893.jpg,data/raw/inaturalist\inat_225136894_399120893.jpg,1,0.305,bird
inat_225244788_399332516.jpg,data/raw/inaturalist\inat_225244788_399332516.jpg,0,0.0,sheep
inat_225244788_399332533.jpg,data/raw/inaturalist\inat_225244788_399332533.jpg,0,0.0,cat;laptop;tv
inat_227153601_402937708.jpg,data/raw/inaturalist\inat_227153601_402937708.jpg,1,0.97,frisbee
inat_227170497_402966695.jpg,data/raw/inaturalist\inat_227170497_402966695.jpg,1,0.905,
inat_227170497_402966699.jpg,data/raw/inaturalist\inat_227170497_402966699.jpg,1,0.821,
inat_227170507_402966961.jpg,data/raw/inaturalist\inat_227170507_402966961.jpg,1,0.897,
inat_227170507_402966966.jpg,data/raw/inaturalist\inat_227170507_402966966.jpg,1,0.93,
inat_227614574_404251753.jpg,data/raw/inaturalist\inat_227614574_404251753.jpg,1,0.068,horse;person
inat_227661482_403900397.jpg,data/raw/inaturalist\inat_227661482_403900397.jpg,1,0.906,
inat_227661482_403900511.jpg,data/raw/inaturalist\inat_227661482_403900511.jpg,1,0.921,
inat_227661482_403900512.jpg,data/raw/inaturalist\inat_227661482_403900512.jpg,1,0.908,
inat_227661482_403900562.jpg,data/raw/inaturalist\inat_227661482_403900562.jpg,1,0.899,
inat_227661482_403900563.jpg,data/raw/inaturalist\inat_227661482_403900563.jpg,2,0.833,
inat_227661482_403900589.jpg,data/raw/inaturalist\inat_227661482_403900589.jpg,4,0.804,
inat_227661482_403900591.jpg,data/raw/inaturalist\inat_227661482_403900591.jpg,1,0.774,
inat_227661482_403900612.jpg,data/raw/inaturalist\inat_227661482_403900612.jpg,2,0.626,
inat_227661482_403900616.jpg,data/raw/inaturalist\inat_227661482_403900616.jpg,2,0.559,elephant
inat_227661482_403900643.jpg,data/raw/inaturalist\inat_227661482_403900643.jpg,1,0.951,
inat_227661482_403900661.jpg,data/raw/inaturalist\inat_227661482_403900661.jpg,1,0.952,
inat_227661482_403900670.jpg,data/raw/inaturalist\inat_227661482_403900670.jpg,1,0.963,
inat_227661482_403900677.jpg,data/raw/inaturalist\inat_227661482_403900677.jpg,1,0.967,
inat_227661482_403900683.jpg,data/raw/inaturalist\inat_227661482_403900683.jpg,2,0.81,
inat_227661482_403900694.jpg,data/raw/inaturalist\inat_227661482_403900694.jpg,1,0.966,
inat_227661482_403900700.jpg,data/raw/inaturalist\inat_227661482_403900700.jpg,1,0.958,
inat_227661482_403900711.jpg,data/raw/inaturalist\inat_227661482_403900711.jpg,1,0.968,
inat_227661482_403900713.jpg,data/raw/inaturalist\inat_227661482_403900713.jpg,1,0.969,
inat_227661482_403900722.jpg,data/raw/inaturalist\inat_227661482_403900722.jpg,1,0.971,
inat_227661482_403900738.jpg,data/raw/inaturalist\inat_227661482_403900738.jpg,1,0.951,person
inat_227792181_404145000.jpg,data/raw/inaturalist\inat_227792181_404145000.jpg,1,0.934,
inat_227792181_404145081.jpg,data/raw/inaturalist\inat_227792181_404145081.jpg,1,0.927,
inat_228124855_404780754.jpg,data/raw/inaturalist\inat_228124855_404780754.jpg,1,0.757,
inat_229584992_407539493.jpg,data/raw/inaturalist\inat_229584992_407539493.jpg,0,0.0,
inat_229584992_407541356.jpg,data/raw/inaturalist\inat_229584992_407541356.jpg,2,0.821,
inat_229987413_408306771.jpg,data/raw/inaturalist\inat_229987413_408306771.jpg,1,0.759,
inat_233817249_415575053.jpg,data/raw/inaturalist\inat_233817249_415575053.jpg,1,0.78,giraffe
inat_233817249_415575091.jpg,data/raw/inaturalist\inat_233817249_415575091.jpg,3,0.813,
inat_235332563_418509011.jpg,data/raw/inaturalist\inat_235332563_418509011.jpg,1,0.874,
inat_235332563_418509019.jpg,data/raw/inaturalist\inat_235332563_418509019.jpg,1,0.854,
inat_235332563_418509059.jpg,data/raw/inaturalist\inat_235332563_418509059.jpg,1,0.824,
inat_235344362_418531097.jpg,data/raw/inaturalist\inat_235344362_418531097.jpg,1,0.794,
inat_235344362_418531797.jpg,data/raw/inaturalist\inat_235344362_418531797.jpg,2,0.713,
inat_235345232_418532824.jpg,data/raw/inaturalist\inat_235345232_418532824.jpg,2,0.661,sheep
inat_235345232_418532869.jpg,data/raw/inaturalist\inat_235345232_418532869.jpg,3,0.831,sheep
inat_235345232_418532916.jpg,data/raw/inaturalist\inat_235345232_418532916.jpg,1,0.84,dog
inat_235345232_418532974.jpg,data/raw/inaturalist\inat_235345232_418532974.jpg,1,0.892,
inat_235464964_418766399.jpg,data/raw/inaturalist\inat_235464964_418766399.jpg,1,0.95,
inat_235464964_418766462.jpg,data/raw/inaturalist\inat_235464964_418766462.jpg,1,0.95,
inat_235464964_418766551.jpg,data/raw/inaturalist\inat_235464964_418766551.jpg,2,0.924,
inat_235474469_418785425.jpg,data/raw/inaturalist\inat_235474469_418785425.jpg,0,0.0,
inat_237737122_423139281.jpg,data/raw/inaturalist\inat_237737122_423139281.jpg,0,0.0,
inat_237737122_423139316.jpg,data/raw/inaturalist\inat_237737122_423139316.jpg,0,0.0,bird
inat_238343677_424315719.jpg,data/raw/inaturalist\inat_238343677_424315719.jpg,1,0.932,
inat_238343677_424394175.jpg,data/raw/inaturalist\inat_238343677_424394175.jpg,1,0.742,
inat_238343677_424394390.jpg,data/raw/inaturalist\inat_238343677_424394390.jpg,1,0.896,car
inat_240838303_429114370.jpg,data/raw/inaturalist\inat_240838303_429114370.jpg,1,0.91,
inat_244105568_435390292.jpg,data/raw/inaturalist\inat_244105568_435390292.jpg,0,0.0,bird;giraffe
inat_244105568_435390759.jpg,data/raw/inaturalist\inat_244105568_435390759.jpg,1,0.68,
inat_244105709_435390868.jpg,data/raw/inaturalist\inat_244105709_435390868.jpg,1,0.887,
inat_244105709_435391126.jpg,data/raw/inaturalist\inat_244105709_435391126.jpg,1,0.519,dog
inat_24426235_37772628.jpg,data/raw/inaturalist\inat_24426235_37772628.jpg,1,0.598,bird
inat_244962862_437036584.jpg,data/raw/inaturalist\inat_244962862_437036584.jpg,1,0.912,
inat_244962862_437036628.jpg,data/raw/inaturalist\inat_244962862_437036628.jpg,3,0.676,
inat_244962862_437036679.jpg,data/raw/inaturalist\inat_244962862_437036679.jpg,1,0.958,
inat_244962862_437036709.jpg,data/raw/inaturalist\inat_244962862_437036709.jpg,1,0.936,
inat_244985427_437087319.jpg,data/raw/inaturalist\inat_244985427_437087319.jpg,0,0.0,fire hydrant
inat_244985427_437087342.jpg,data/raw/inaturalist\inat_244985427_437087342.jpg,0,0.0,bird;fire hydrant
inat_244985427_437087365.jpg,data/raw/inaturalist\inat_244985427_437087365.jpg,0,0.0,carrot;hot dog;person
inat_245850593_438783167.jpg,data/raw/inaturalist\inat_245850593_438783167.jpg,0,0.0,fire hydrant
inat_246681174_440426943.jpg,data/raw/inaturalist\inat_246681174_440426943.jpg,0,0.0,person
inat_246821501_440704767.jpg,data/raw/inaturalist\inat_246821501_440704767.jpg,0,0.0,backpack;fire hydrant;person
inat_246821582_440705015.jpg,data/raw/inaturalist\inat_246821582_440705015.jpg,0,0.0,fire hydrant
inat_247924795_442891531.jpg,data/raw/inaturalist\inat_247924795_442891531.jpg,1,0.948,bird
inat_248518633_444064470.jpg,data/raw/inaturalist\inat_248518633_444064470.jpg,0,0.0,giraffe
inat_248518633_444064511.jpg,data/raw/inaturalist\inat_248518633_444064511.jpg,1,0.577,
inat_249114207_445252794.jpg,data/raw/inaturalist\inat_249114207_445252794.jpg,1,0.92,
inat_249785296_446585747.jpg,data/raw/inaturalist\inat_249785296_446585747.jpg,0,0.0,fire hydrant
inat_249785296_446585748.jpg,data/raw/inaturalist\inat_249785296_446585748.jpg,1,0.121,bird;fire hydrant;vase
inat_249785296_446585749.jpg,data/raw/inaturalist\inat_249785296_446585749.jpg,1,0.783,
inat_249785296_446585757.jpg,data/raw/inaturalist\inat_249785296_446585757.jpg,1,0.555,
inat_249785296_446585759.jpg,data/raw/inaturalist\inat_249785296_446585759.jpg,0,0.0,vase
inat_249785296_446585762.jpg,data/raw/inaturalist\inat_249785296_446585762.jpg,0,0.0,
inat_250622090_448266145.jpg,data/raw/inaturalist\inat_250622090_448266145.jpg,1,0.763,
inat_250741748_448394822.jpg,data/raw/inaturalist\inat_250741748_448394822.jpg,0,0.0,frisbee;sports ball
inat_250741752_448394979.jpg,data/raw/inaturalist\inat_250741752_448394979.jpg,0,0.0,apple;banana
inat_250741752_448394986.jpg,data/raw/inaturalist\inat_250741752_448394986.jpg,0,0.0,bird
inat_250741752_448395001.jpg,data/raw/inaturalist\inat_250741752_448395001.jpg,0,0.0,
inat_250741752_448395054.jpg,data/raw/inaturalist\inat_250741752_448395054.jpg,0,0.0,
inat_250741777_448395297.jpg,data/raw/inaturalist\inat_250741777_448395297.jpg,0,0.0,
inat_250741778_448395315.jpg,data/raw/inaturalist\inat_250741778_448395315.jpg,0,0.0,
inat_250741778_448395317.jpg,data/raw/inaturalist\inat_250741778_448395317.jpg,0,0.0,
inat_250741797_448395648.jpg,data/raw/inaturalist\inat_250741797_448395648.jpg,0,0.0,
inat_250741797_448395665.jpg,data/raw/inaturalist\inat_250741797_448395665.jpg,0,0.0,
inat_250967820_448942886.jpg,data/raw/inaturalist\inat_250967820_448942886.jpg,1,0.096,giraffe
inat_250967820_448942887.jpg,data/raw/inaturalist\inat_250967820_448942887.jpg,2,0.329,elephant
inat_250967820_448942890.jpg,data/raw/inaturalist\inat_250967820_448942890.jpg,2,0.058,giraffe
inat_251806640_450629396.jpg,data/raw/inaturalist\inat_251806640_450629396.jpg,1,0.861,
inat_252065744_451149625.jpg,data/raw/inaturalist\inat_252065744_451149625.jpg,1,0.09,cow;elephant;sheep
inat_252065744_451149673.jpg,data/raw/inaturalist\inat_252065744_451149673.jpg,1,0.596,bird;cow
inat_252935526_452827520.jpg,data/raw/inaturalist\inat_252935526_452827520.jpg,2,0.336,cow
inat_252952832_452856480.jpg,data/raw/inaturalist\inat_252952832_452856480.jpg,2,0.643,
inat_253316102_453547639.jpg,data/raw/inaturalist\inat_253316102_453547639.jpg,0,0.0,bird
inat_253316102_453547661.jpg,data/raw/inaturalist\inat_253316102_453547661.jpg,0,0.0,carrot
inat_253316102_453547676.jpg,data/raw/inaturalist\inat_253316102_453547676.jpg,0,0.0,
inat_253875871_454653460.jpg,data/raw/inaturalist\inat_253875871_454653460.jpg,0,0.0,
inat_253898562_454680396.jpg,data/raw/inaturalist\inat_253898562_454680396.jpg,1,0.176,dog
inat_253898562_454680432.jpg,data/raw/inaturalist\inat_253898562_454680432.jpg,1,0.084,elephant
inat_253898562_454680485.jpg,data/raw/inaturalist\inat_253898562_454680485.jpg,0,0.0,zebra
inat_254351030_455572394.jpg,data/raw/inaturalist\inat_254351030_455572394.jpg,3,0.541,cat;cow
inat_254358316_455495546.jpg,data/raw/inaturalist\inat_254358316_455495546.jpg,0,0.0,bird
inat_254540061_455949346.jpg,data/raw/inaturalist\inat_254540061_455949346.jpg,0,0.0,banana;fire hydrant;vase
inat_254557459_455977439.jpg,data/raw/inaturalist\inat_254557459_455977439.jpg,0,0.0,bird
inat_254557459_455977464.jpg,data/raw/inaturalist\inat_254557459_455977464.jpg,1,0.769,
inat_254557459_455977469.jpg,data/raw/inaturalist\inat_254557459_455977469.jpg,1,0.906,
inat_254557464_455977354.jpg,data/raw/inaturalist\inat_254557464_455977354.jpg,0,0.0,cow;elephant
inat_254557464_455977357.jpg,data/raw/inaturalist\inat_254557464_455977357.jpg,0,0.0,cow;horse
inat_254557464_455977379.jpg,data/raw/inaturalist\inat_254557464_455977379.jpg,1,0.309,elephant
inat_254557464_455977381.jpg,data/raw/inaturalist\inat_254557464_455977381.jpg,1,0.358,elephant
inat_254557464_455977390.jpg,data/raw/inaturalist\inat_254557464_455977390.jpg,1,0.688,elephant
inat_254557464_455977395.jpg,data/raw/inaturalist\inat_254557464_455977395.jpg,1,0.163,bird
inat_254557464_455977405.jpg,data/raw/inaturalist\inat_254557464_455977405.jpg,1,0.58,cow;elephant
inat_254557464_455977450.jpg,data/raw/inaturalist\inat_254557464_455977450.jpg,1,0.662,
inat_254557465_455977429.jpg,data/raw/inaturalist\inat_254557465_455977429.jpg,1,0.897,
inat_254557465_455977520.jpg,data/raw/inaturalist\inat_254557465_455977520.jpg,1,0.854,
inat_254557465_455977526.jpg,data/raw/inaturalist\inat_254557465_455977526.jpg,1,0.831,bird
inat_254557465_455977527.jpg,data/raw/inaturalist\inat_254557465_455977527.jpg,1,0.906,
inat_254557465_455977556.jpg,data/raw/inaturalist\inat_254557465_455977556.jpg,1,0.902,
inat_254557465_455977574.jpg,data/raw/inaturalist\inat_254557465_455977574.jpg,1,0.72,bird
inat_255111054_457102130.jpg,data/raw/inaturalist\inat_255111054_457102130.jpg,1,0.88,
inat_255542757_457966354.jpg,data/raw/inaturalist\inat_255542757_457966354.jpg,2,0.173,bird;giraffe;sheep
inat_2560070_2851705.jpg,data/raw/inaturalist\inat_2560070_2851705.jpg,2,0.695,
inat_2560070_2851716.jpg,data/raw/inaturalist\inat_2560070_2851716.jpg,1,0.576,elephant
inat_2560070_2851717.jpg,data/raw/inaturalist\inat_2560070_2851717.jpg,3,0.587,bird
inat_2560070_2851718.jpg,data/raw/inaturalist\inat_2560070_2851718.jpg,3,0.585,elephant
inat_2560070_2851719.jpg,data/raw/inaturalist\inat_2560070_2851719.jpg,2,0.789,
inat_2560070_2851729.jpg,data/raw/inaturalist\inat_2560070_2851729.jpg,2,0.896,
inat_2560070_2851730.jpg,data/raw/inaturalist\inat_2560070_2851730.jpg,4,0.41,
inat_2560070_2851731.jpg,data/raw/inaturalist\inat_2560070_2851731.jpg,2,0.484,elephant
inat_256663767_460239841.jpg,data/raw/inaturalist\inat_256663767_460239841.jpg,1,0.518,bird
inat_256663767_460239842.jpg,data/raw/inaturalist\inat_256663767_460239842.jpg,1,0.876,
inat_256920636_460748167.jpg,data/raw/inaturalist\inat_256920636_460748167.jpg,4,0.15,
inat_256920636_460748174.jpg,data/raw/inaturalist\inat_256920636_460748174.jpg,3,0.322,
inat_256920636_460748177.jpg,data/raw/inaturalist\inat_256920636_460748177.jpg,3,0.485,
inat_256920636_460748196.jpg,data/raw/inaturalist\inat_256920636_460748196.jpg,1,0.51,cat
inat_256920636_460748203.jpg,data/raw/inaturalist\inat_256920636_460748203.jpg,1,0.594,
inat_256920636_460748212.jpg,data/raw/inaturalist\inat_256920636_460748212.jpg,0,0.0,
inat_256920636_460748227.jpg,data/raw/inaturalist\inat_256920636_460748227.jpg,1,0.335,
inat_257799432_462519642.jpg,data/raw/inaturalist\inat_257799432_462519642.jpg,1,0.381,
inat_258055864_463351279.jpg,data/raw/inaturalist\inat_258055864_463351279.jpg,0,0.0,
inat_258055864_463351283.jpg,data/raw/inaturalist\inat_258055864_463351283.jpg,1,0.139,cat
inat_258055864_463351285.jpg,data/raw/inaturalist\inat_258055864_463351285.jpg,1,0.756,bird
inat_258081313_462989325.jpg,data/raw/inaturalist\inat_258081313_462989325.jpg,1,0.936,
inat_258082272_462991145.jpg,data/raw/inaturalist\inat_258082272_462991145.jpg,1,0.942,
inat_258741220_464302163.jpg,data/raw/inaturalist\inat_258741220_464302163.jpg,0,0.0,cow;horse
inat_258779859_464380123.jpg,data/raw/inaturalist\inat_258779859_464380123.jpg,0,0.0,
inat_258779859_464380166.jpg,data/raw/inaturalist\inat_258779859_464380166.jpg,1,0.111,elephant;sheep
inat_258779859_464380187.jpg,data/raw/inaturalist\inat_258779859_464380187.jpg,0,0.0,bird;giraffe
inat_258799620_464418144.jpg,data/raw/inaturalist\inat_258799620_464418144.jpg,0,0.0,
inat_258799621_464418374.jpg,data/raw/inaturalist\inat_258799621_464418374.jpg,0,0.0,person
inat_258799621_464418395.jpg,data/raw/inaturalist\inat_258799621_464418395.jpg,0,0.0,person
inat_258879470_464577541.jpg,data/raw/inaturalist\inat_258879470_464577541.jpg,0,0.0,cake;fire hydrant;sheep
inat_258879470_464578188.jpg,data/raw/inaturalist\inat_258879470_464578188.jpg,0,0.0,knife;person
inat_258973213_464767513.jpg,data/raw/inaturalist\inat_258973213_464767513.jpg,0,0.0,
inat_258973214_464767412.jpg,data/raw/inaturalist\inat_258973214_464767412.jpg,0,0.0,
inat_258973214_464767463.jpg,data/raw/inaturalist\inat_258973214_464767463.jpg,0,0.0,
inat_258973214_464767556.jpg,data/raw/inaturalist\inat_258973214_464767556.jpg,0,0.0,
inat_259056666_464944617.jpg,data/raw/inaturalist\inat_259056666_464944617.jpg,1,0.809,
inat_259116687_465065361.jpg,data/raw/inaturalist\inat_259116687_465065361.jpg,2,0.605,
inat_259175487_465184860.jpg,data/raw/inaturalist\inat_259175487_465184860.jpg,0,0.0,cat;person
inat_259190243_465214962.jpg,data/raw/inaturalist\inat_259190243_465214962.jpg,1,0.674,
inat_259190243_465214963.jpg,data/raw/inaturalist\inat_259190243_465214963.jpg,2,0.41,bird
inat_259190243_465214966.jpg,data/raw/inaturalist\inat_259190243_465214966.jpg,1,0.094,bird;cow;sheep
inat_259190243_465214968.jpg,data/raw/inaturalist\inat_259190243_465214968.jpg,2,0.222,
inat_259324434_465490908.jpg,data/raw/inaturalist\inat_259324434_465490908.jpg,3,0.405,bird
inat_259783040_466410135.jpg,data/raw/inaturalist\inat_259783040_466410135.jpg,1,0.235,bird
inat_259783040_466410166.jpg,data/raw/inaturalist\inat_259783040_466410166.jpg,3,0.138,bird
inat_259783040_466410184.jpg,data/raw/inaturalist\inat_259783040_466410184.jpg,1,0.426,bird
inat_259808476_466459115.jpg,data/raw/inaturalist\inat_259808476_466459115.jpg,0,0.0,
inat_259811331_466464149.jpg,data/raw/inaturalist\inat_259811331_466464149.jpg,1,0.066,cat
inat_259811331_466464165.jpg,data/raw/inaturalist\inat_259811331_466464165.jpg,0,0.0,
inat_259824328_466553342.jpg,data/raw/inaturalist\inat_259824328_466553342.jpg,0,0.0,
inat_259824328_466553356.jpg,data/raw/inaturalist\inat_259824328_466553356.jpg,0,0.0,
inat_259824328_466553369.jpg,data/raw/inaturalist\inat_259824328_466553369.jpg,0,0.0,
inat_259824328_466553377.jpg,data/raw/inaturalist\inat_259824328_466553377.jpg,2,0.107,
inat_259824328_466553396.jpg,data/raw/inaturalist\inat_259824328_466553396.jpg,1,0.301,
inat_259860782_466561423.jpg,data/raw/inaturalist\inat_259860782_466561423.jpg,0,0.0,bird
inat_259860782_466561431.jpg,data/raw/inaturalist\inat_259860782_466561431.jpg,0,0.0,person;potted plant
inat_259860782_466561438.jpg,data/raw/inaturalist\inat_259860782_466561438.jpg,0,0.0,
inat_259868353_466575334.jpg,data/raw/inaturalist\inat_259868353_466575334.jpg,1,0.147,
inat_259942471_466721805.jpg,data/raw/inaturalist\inat_259942471_466721805.jpg,0,0.0,
inat_259993810_466822366.jpg,data/raw/inaturalist\inat_259993810_466822366.jpg,1,0.782,bird
inat_261800879_470407640.jpg,data/raw/inaturalist\inat_261800879_470407640.jpg,1,0.905,
inat_261800879_470407656.jpg,data/raw/inaturalist\inat_261800879_470407656.jpg,4,0.405,bird;elephant
inat_261800879_470407661.jpg,data/raw/inaturalist\inat_261800879_470407661.jpg,1,0.863,
inat_261800879_470407673.jpg,data/raw/inaturalist\inat_261800879_470407673.jpg,1,0.125,elephant
inat_262025161_470823855.jpg,data/raw/inaturalist\inat_262025161_470823855.jpg,0,0.0,giraffe
inat_262025161_470823865.jpg,data/raw/inaturalist\inat_262025161_470823865.jpg,0,0.0,bird
inat_262025161_470823875.jpg,data/raw/inaturalist\inat_262025161_470823875.jpg,0,0.0,
inat_262751605_471893313.jpg,data/raw/inaturalist\inat_262751605_471893313.jpg,1,0.82,
inat_262751605_471893335.jpg,data/raw/inaturalist\inat_262751605_471893335.jpg,1,0.712,cat
inat_264029265_474419386.jpg,data/raw/inaturalist\inat_264029265_474419386.jpg,2,0.642,
inat_264998337_475917067.jpg,data/raw/inaturalist\inat_264998337_475917067.jpg,4,0.57,bird
inat_264998337_475917075.jpg,data/raw/inaturalist\inat_264998337_475917075.jpg,1,0.938,
inat_265296922_476506075.jpg,data/raw/inaturalist\inat_265296922_476506075.jpg,2,0.9,
inat_265298117_476508500.jpg,data/raw/inaturalist\inat_265298117_476508500.jpg,2,0.62,
inat_265299837_476512095.jpg,data/raw/inaturalist\inat_265299837_476512095.jpg,1,0.951,
inat_265301011_476513657.jpg,data/raw/inaturalist\inat_265301011_476513657.jpg,1,0.873,
inat_265795461_477485251.jpg,data/raw/inaturalist\inat_265795461_477485251.jpg,4,0.406,
inat_265833436_477561438.jpg,data/raw/inaturalist\inat_265833436_477561438.jpg,1,0.334,dog
inat_265870047_477630278.jpg,data/raw/inaturalist\inat_265870047_477630278.jpg,1,0.957,
inat_266506102_478850363.jpg,data/raw/inaturalist\inat_266506102_478850363.jpg,1,0.925,
inat_266506102_478850370.jpg,data/raw/inaturalist\inat_266506102_478850370.jpg,1,0.95,
inat_266506102_478850392.jpg,data/raw/inaturalist\inat_266506102_478850392.jpg,1,0.949,sports ball
inat_266506102_478850403.jpg,data/raw/inaturalist\inat_266506102_478850403.jpg,1,0.956,
inat_266506102_478850411.jpg,data/raw/inaturalist\inat_266506102_478850411.jpg,1,0.929,
inat_266506102_478850435.jpg,data/raw/inaturalist\inat_266506102_478850435.jpg,1,0.884,bird
inat_266506102_478850468.jpg,data/raw/inaturalist\inat_266506102_478850468.jpg,4,0.642,
inat_266506102_478850477.jpg,data/raw/inaturalist\inat_266506102_478850477.jpg,1,0.548,bowl;cat
inat_266506102_478850487.jpg,data/raw/inaturalist\inat_266506102_478850487.jpg,2,0.667,
inat_266506102_478850498.jpg,data/raw/inaturalist\inat_266506102_478850498.jpg,1,0.744,bowl;frisbee;sports ball
inat_266506102_478850506.jpg,data/raw/inaturalist\inat_266506102_478850506.jpg,1,0.939,bird
inat_266506102_478850600.jpg,data/raw/inaturalist\inat_266506102_478850600.jpg,3,0.918,
inat_266506102_482140439.jpg,data/raw/inaturalist\inat_266506102_482140439.jpg,1,0.94,
inat_267557014_480831177.jpg,data/raw/inaturalist\inat_267557014_480831177.jpg,1,0.921,person
inat_267557014_480831191.jpg,data/raw/inaturalist\inat_267557014_480831191.jpg,4,0.895,
inat_268470121_482565329.jpg,data/raw/inaturalist\inat_268470121_482565329.jpg,6,0.426,bird
inat_268470121_482565513.jpg,data/raw/inaturalist\inat_268470121_482565513.jpg,5,0.552,
inat_268470126_482565702.jpg,data/raw/inaturalist\inat_268470126_482565702.jpg,3,0.701,
inat_268470424_482568294.jpg,data/raw/inaturalist\inat_268470424_482568294.jpg,1,0.626,
inat_268470424_482568306.jpg,data/raw/inaturalist\inat_268470424_482568306.jpg,1,0.873,bench
inat_268470426_482568307.jpg,data/raw/inaturalist\inat_268470426_482568307.jpg,2,0.826,cat
inat_268470426_482568314.jpg,data/raw/inaturalist\inat_268470426_482568314.jpg,1,0.903,
inat_268470426_482568326.jpg,data/raw/inaturalist\inat_268470426_482568326.jpg,1,0.914,
inat_268470426_482568339.jpg,data/raw/inaturalist\inat_268470426_482568339.jpg,3,0.965,
inat_268470426_482568341.jpg,data/raw/inaturalist\inat_268470426_482568341.jpg,2,0.965,
inat_268470426_482568347.jpg,data/raw/inaturalist\inat_268470426_482568347.jpg,2,0.568,
inat_268470426_482569047.jpg,data/raw/inaturalist\inat_268470426_482569047.jpg,4,0.928,
inat_268470426_482569060.jpg,data/raw/inaturalist\inat_268470426_482569060.jpg,1,0.556,
inat_268470426_482569079.jpg,data/raw/inaturalist\inat_268470426_482569079.jpg,1,0.831,
inat_268662277_482948605.jpg,data/raw/inaturalist\inat_268662277_482948605.jpg,1,0.139,person
inat_268662277_482948665.jpg,data/raw/inaturalist\inat_268662277_482948665.jpg,1,0.574,
inat_268662277_482948786.jpg,data/raw/inaturalist\inat_268662277_482948786.jpg,1,0.28,bird
inat_268662277_482948892.jpg,data/raw/inaturalist\inat_268662277_482948892.jpg,1,0.586,person
inat_269793080_485132362.jpg,data/raw/inaturalist\inat_269793080_485132362.jpg,1,0.498,
inat_270722673_486899149.jpg,data/raw/inaturalist\inat_270722673_486899149.jpg,3,0.744,dog
inat_270722673_486899230.jpg,data/raw/inaturalist\inat_270722673_486899230.jpg,1,0.105,bench;suitcase
inat_270722673_486899282.jpg,data/raw/inaturalist\inat_270722673_486899282.jpg,1,0.288,cat
inat_272490239_490236512.jpg,data/raw/inaturalist\inat_272490239_490236512.jpg,1,0.934,
inat_272590682_490415245.jpg,data/raw/inaturalist\inat_272590682_490415245.jpg,1,0.947,
inat_27421724_42666546.jpg,data/raw/inaturalist\inat_27421724_42666546.jpg,1,0.954,
inat_275570590_495138658.jpg,data/raw/inaturalist\inat_275570590_495138658.jpg,0,0.0,bottle;frisbee;sports ball
inat_275570590_495138789.jpg,data/raw/inaturalist\inat_275570590_495138789.jpg,0,0.0,bird;bottle;frisbee
inat_27766119_43234876.jpg,data/raw/inaturalist\inat_27766119_43234876.jpg,2,0.178,bird;cat;dog
inat_27766119_43235343.jpg,data/raw/inaturalist\inat_27766119_43235343.jpg,1,0.592,bird;cat;dog
inat_27766119_43720909.jpg,data/raw/inaturalist\inat_27766119_43720909.jpg,1,0.868,
inat_277766545_499235883.jpg,data/raw/inaturalist\inat_277766545_499235883.jpg,1,0.81,
inat_277766545_499236889.jpg,data/raw/inaturalist\inat_277766545_499236889.jpg,2,0.845,
inat_277766545_499236938.jpg,data/raw/inaturalist\inat_277766545_499236938.jpg,1,0.95,apple;carrot
inat_277949312_499083372.jpg,data/raw/inaturalist\inat_277949312_499083372.jpg,1,0.944,
inat_279694118_502274628.jpg,data/raw/inaturalist\inat_279694118_502274628.jpg,0,0.0,bird;cat
inat_280575921_503933806.jpg,data/raw/inaturalist\inat_280575921_503933806.jpg,1,0.735,
inat_280575921_503933870.jpg,data/raw/inaturalist\inat_280575921_503933870.jpg,1,0.915,
inat_280575921_503933974.jpg,data/raw/inaturalist\inat_280575921_503933974.jpg,1,0.935,
inat_280575921_503934024.jpg,data/raw/inaturalist\inat_280575921_503934024.jpg,3,0.74,
inat_280575921_503934062.jpg,data/raw/inaturalist\inat_280575921_503934062.jpg,1,0.894,
inat_280575921_503934146.jpg,data/raw/inaturalist\inat_280575921_503934146.jpg,2,0.655,
inat_281148403_505019026.jpg,data/raw/inaturalist\inat_281148403_505019026.jpg,0,0.0,
inat_281148403_505019039.jpg,data/raw/inaturalist\inat_281148403_505019039.jpg,0,0.0,apple
inat_281368015_505426966.jpg,data/raw/inaturalist\inat_281368015_505426966.jpg,1,0.763,
inat_281368015_505426999.jpg,data/raw/inaturalist\inat_281368015_505426999.jpg,1,0.863,
inat_282722776_507961208.jpg,data/raw/inaturalist\inat_282722776_507961208.jpg,2,0.487,
inat_283456371_509329243.jpg,data/raw/inaturalist\inat_283456371_509329243.jpg,1,0.591,cat
inat_283456371_509329246.jpg,data/raw/inaturalist\inat_283456371_509329246.jpg,1,0.508,cow;dog
inat_283456371_509329267.jpg,data/raw/inaturalist\inat_283456371_509329267.jpg,1,0.267,cow;dog;sheep
inat_283456371_509329274.jpg,data/raw/inaturalist\inat_283456371_509329274.jpg,1,0.052,cow;dog
inat_283456371_509329275.jpg,data/raw/inaturalist\inat_283456371_509329275.jpg,2,0.783,
inat_284277908_510877837.jpg,data/raw/inaturalist\inat_284277908_510877837.jpg,1,0.739,
inat_28433063_44323320.jpg,data/raw/inaturalist\inat_28433063_44323320.jpg,1,0.939,
inat_284738733_511750565.jpg,data/raw/inaturalist\inat_284738733_511750565.jpg,1,0.654,apple;cat;cow;dog
inat_284738734_511750566.jpg,data/raw/inaturalist\inat_284738734_511750566.jpg,1,0.41,apple;cat;cow;dog
inat_284844895_511953632.jpg,data/raw/inaturalist\inat_284844895_511953632.jpg,0,0.0,
inat_284844895_511953713.jpg,data/raw/inaturalist\inat_284844895_511953713.jpg,0,0.0,giraffe
inat_284844895_511953776.jpg,data/raw/inaturalist\inat_284844895_511953776.jpg,0,0.0,giraffe
inat_284844895_511953820.jpg,data/raw/inaturalist\inat_284844895_511953820.jpg,0,0.0,bird;giraffe
inat_284844895_511953857.jpg,data/raw/inaturalist\inat_284844895_511953857.jpg,0,0.0,giraffe
inat_284844895_511953901.jpg,data/raw/inaturalist\inat_284844895_511953901.jpg,0,0.0,
inat_284844895_511953936.jpg,data/raw/inaturalist\inat_284844895_511953936.jpg,0,0.0,
inat_284844895_511954001.jpg,data/raw/inaturalist\inat_284844895_511954001.jpg,0,0.0,
inat_284844895_511954050.jpg,data/raw/inaturalist\inat_284844895_511954050.jpg,0,0.0,bird
inat_284844895_511954089.jpg,data/raw/inaturalist\inat_284844895_511954089.jpg,0,0.0,
inat_284844895_511954132.jpg,data/raw/inaturalist\inat_284844895_511954132.jpg,0,0.0,
inat_284844895_511954177.jpg,data/raw/inaturalist\inat_284844895_511954177.jpg,0,0.0,
inat_284844895_511954217.jpg,data/raw/inaturalist\inat_284844895_511954217.jpg,1,0.078,cow;elephant
inat_284844895_511954284.jpg,data/raw/inaturalist\inat_284844895_511954284.jpg,0,0.0,
inat_284844895_511954314.jpg,data/raw/inaturalist\inat_284844895_511954314.jpg,0,0.0,
inat_284844895_511954353.jpg,data/raw/inaturalist\inat_284844895_511954353.jpg,0,0.0,
inat_284844895_511954401.jpg,data/raw/inaturalist\inat_284844895_511954401.jpg,0,0.0,
inat_285063137_512363563.jpg,data/raw/inaturalist\inat_285063137_512363563.jpg,1,0.9,
inat_285074463_512384149.jpg,data/raw/inaturalist\inat_285074463_512384149.jpg,1,0.863,
inat_285074463_512384216.jpg,data/raw/inaturalist\inat_285074463_512384216.jpg,1,0.887,pizza
inat_285074463_512441181.jpg,data/raw/inaturalist\inat_285074463_512441181.jpg,1,0.306,bird;cat
inat_285074463_512444036.jpg,data/raw/inaturalist\inat_285074463_512444036.jpg,1,0.787,cat
inat_285144458_512510335.jpg,data/raw/inaturalist\inat_285144458_512510335.jpg,1,0.941,
inat_285192120_512613584.jpg,data/raw/inaturalist\inat_285192120_512613584.jpg,2,0.262,dog;laptop;tennis racket
inat_285237118_512690775.jpg,data/raw/inaturalist\inat_285237118_512690775.jpg,2,0.262,dog;laptop;tennis racket
inat_285367347_512928443.jpg,data/raw/inaturalist\inat_285367347_512928443.jpg,2,0.167,elephant
inat_285367347_512930586.jpg,data/raw/inaturalist\inat_285367347_512930586.jpg,1,0.651,bird
inat_285368666_512930939.jpg,data/raw/inaturalist\inat_285368666_512930939.jpg,0,0.0,bird;elephant
inat_285368666_512930982.jpg,data/raw/inaturalist\inat_285368666_512930982.jpg,1,0.473,elephant
inat_285384907_512960923.jpg,data/raw/inaturalist\inat_285384907_512960923.jpg,1,0.569,dog;tennis racket
inat_285946390_514008226.jpg,data/raw/inaturalist\inat_285946390_514008226.jpg,1,0.16,cow;elephant;horse
inat_286358549_514792343.jpg,data/raw/inaturalist\inat_286358549_514792343.jpg,1,0.931,
inat_286359998_514794990.jpg,data/raw/inaturalist\inat_286359998_514794990.jpg,1,0.808,
inat_287330384_516628710.jpg,data/raw/inaturalist\inat_287330384_516628710.jpg,1,0.941,
inat_287330384_516628722.jpg,data/raw/inaturalist\inat_287330384_516628722.jpg,1,0.963,
inat_287420663_516833638.jpg,data/raw/inaturalist\inat_287420663_516833638.jpg,1,0.878,
inat_287420663_516833719.jpg,data/raw/inaturalist\inat_287420663_516833719.jpg,1,0.904,
inat_288091427_518053917.jpg,data/raw/inaturalist\inat_288091427_518053917.jpg,1,0.908,
inat_288387418_518619035.jpg,data/raw/inaturalist\inat_288387418_518619035.jpg,0,0.0,bird;sheep
inat_289897251_521448322.jpg,data/raw/inaturalist\inat_289897251_521448322.jpg,0,0.0,
inat_289897251_521448375.jpg,data/raw/inaturalist\inat_289897251_521448375.jpg,0,0.0,
inat_289897251_521448412.jpg,data/raw/inaturalist\inat_289897251_521448412.jpg,0,0.0,cow;sheep
inat_289897251_521448455.jpg,data/raw/inaturalist\inat_289897251_521448455.jpg,0,0.0,
inat_289897251_521448499.jpg,data/raw/inaturalist\inat_289897251_521448499.jpg,0,0.0,
inat_289897412_521448553.jpg,data/raw/inaturalist\inat_289897412_521448553.jpg,0,0.0,broccoli
inat_289897456_521448623.jpg,data/raw/inaturalist\inat_289897456_521448623.jpg,0,0.0,apple;cake;donut;orange
inat_289897456_521448678.jpg,data/raw/inaturalist\inat_289897456_521448678.jpg,0,0.0,apple;cake;orange
inat_289897456_521448727.jpg,data/raw/inaturalist\inat_289897456_521448727.jpg,0,0.0,
inat_289897456_521448770.jpg,data/raw/inaturalist\inat_289897456_521448770.jpg,0,0.0,cake;donut;orange
inat_289897456_521448817.jpg,data/raw/inaturalist\inat_289897456_521448817.jpg,0,0.0,apple;cake;orange
inat_289897456_521448876.jpg,data/raw/inaturalist\inat_289897456_521448876.jpg,0,0.0,cake;donut;orange
inat_289897456_521448941.jpg,data/raw/inaturalist\inat_289897456_521448941.jpg,0,0.0,
inat_290515920_522621411.jpg,data/raw/inaturalist\inat_290515920_522621411.jpg,0,0.0,
inat_290515920_522621917.jpg,data/raw/inaturalist\inat_290515920_522621917.jpg,2,0.338,
inat_291331507_524157785.jpg,data/raw/inaturalist\inat_291331507_524157785.jpg,1,0.8,
inat_291635328_524725900.jpg,data/raw/inaturalist\inat_291635328_524725900.jpg,1,0.273,cow
inat_292182342_525772695.jpg,data/raw/inaturalist\inat_292182342_525772695.jpg,0,0.0,bird
inat_292182342_525772835.jpg,data/raw/inaturalist\inat_292182342_525772835.jpg,0,0.0,carrot;person
inat_292182419_525772912.jpg,data/raw/inaturalist\inat_292182419_525772912.jpg,0,0.0,
inat_292936369_527205502.jpg,data/raw/inaturalist\inat_292936369_527205502.jpg,0,0.0,
inat_293909205_528976191.jpg,data/raw/inaturalist\inat_293909205_528976191.jpg,1,0.936,bench
inat_293909205_528976195.jpg,data/raw/inaturalist\inat_293909205_528976195.jpg,1,0.79,
inat_293909205_528976199.jpg,data/raw/inaturalist\inat_293909205_528976199.jpg,1,0.913,
inat_293909205_528976213.jpg,data/raw/inaturalist\inat_293909205_528976213.jpg,1,0.905,
inat_294224586_529575447.jpg,data/raw/inaturalist\inat_294224586_529575447.jpg,0,0.0,toilet
inat_294224586_529575575.jpg,data/raw/inaturalist\inat_294224586_529575575.jpg,0,0.0,banana
inat_295090976_531206083.jpg,data/raw/inaturalist\inat_295090976_531206083.jpg,1,0.954,
inat_296515363_533916633.jpg,data/raw/inaturalist\inat_296515363_533916633.jpg,0,0.0,
inat_296515363_533916636.jpg,data/raw/inaturalist\inat_296515363_533916636.jpg,0,0.0,
inat_297975893_536680519.jpg,data/raw/inaturalist\inat_297975893_536680519.jpg,1,0.832,bench
inat_298187182_537084628.jpg,data/raw/inaturalist\inat_298187182_537084628.jpg,1,0.92,
inat_298200858_537110854.jpg,data/raw/inaturalist\inat_298200858_537110854.jpg,0,0.0,
inat_298208812_537123972.jpg,data/raw/inaturalist\inat_298208812_537123972.jpg,0,0.0,bird;dog
inat_298208812_537123982.jpg,data/raw/inaturalist\inat_298208812_537123982.jpg,0,0.0,bird
inat_298208812_537123989.jpg,data/raw/inaturalist\inat_298208812_537123989.jpg,0,0.0,bird
inat_298209541_537125624.jpg,data/raw/inaturalist\inat_298209541_537125624.jpg,7,0.809,
inat_299188751_539006021.jpg,data/raw/inaturalist\inat_299188751_539006021.jpg,1,0.647,
inat_299188902_539063411.jpg,data/raw/inaturalist\inat_299188902_539063411.jpg,1,0.798,
inat_300220401_540915631.jpg,data/raw/inaturalist\inat_300220401_540915631.jpg,0,0.0,sheep
inat_300220401_540915658.jpg,data/raw/inaturalist\inat_300220401_540915658.jpg,1,0.539,
inat_301591929_543472685.jpg,data/raw/inaturalist\inat_301591929_543472685.jpg,1,0.955,
inat_302308533_544816107.jpg,data/raw/inaturalist\inat_302308533_544816107.jpg,0,0.0,teddy bear
inat_302629230_545409424.jpg,data/raw/inaturalist\inat_302629230_545409424.jpg,2,0.792,
inat_302629230_545409457.jpg,data/raw/inaturalist\inat_302629230_545409457.jpg,1,0.113,cow;elephant
inat_302629230_545409486.jpg,data/raw/inaturalist\inat_302629230_545409486.jpg,0,0.0,cow;elephant
inat_302629230_545409521.jpg,data/raw/inaturalist\inat_302629230_545409521.jpg,0,0.0,cow;elephant;horse
inat_302629230_545409558.jpg,data/raw/inaturalist\inat_302629230_545409558.jpg,2,0.406,
inat_30395026_47486195.jpg,data/raw/inaturalist\inat_30395026_47486195.jpg,1,0.904,
inat_30395026_47487220.jpg,data/raw/inaturalist\inat_30395026_47487220.jpg,1,0.907,
inat_30395029_47486200.jpg,data/raw/inaturalist\inat_30395029_47486200.jpg,1,0.795,elephant
inat_30395029_47487155.jpg,data/raw/inaturalist\inat_30395029_47487155.jpg,1,0.296,bird;cow
inat_30395029_47487157.jpg,data/raw/inaturalist\inat_30395029_47487157.jpg,1,0.524,bird
inat_30406242_47505659.jpg,data/raw/inaturalist\inat_30406242_47505659.jpg,0,0.0,
inat_304138673_548222120.jpg,data/raw/inaturalist\inat_304138673_548222120.jpg,1,0.683,cow
inat_30442666_47561320.jpg,data/raw/inaturalist\inat_30442666_47561320.jpg,0,0.0,
inat_305407568_550658102.jpg,data/raw/inaturalist\inat_305407568_550658102.jpg,2,0.626,
inat_305919474_551631851.jpg,data/raw/inaturalist\inat_305919474_551631851.jpg,0,0.0,cat
inat_306237482_552237593.jpg,data/raw/inaturalist\inat_306237482_552237593.jpg,1,0.904,
inat_306598736_552927137.jpg,data/raw/inaturalist\inat_306598736_552927137.jpg,1,0.854,
inat_306598736_552927291.jpg,data/raw/inaturalist\inat_306598736_552927291.jpg,2,0.408,
inat_307858862_555349436.jpg,data/raw/inaturalist\inat_307858862_555349436.jpg,0,0.0,
inat_309053072_557645904.jpg,data/raw/inaturalist\inat_309053072_557645904.jpg,1,0.872,
inat_30943799_48379001.jpg,data/raw/inaturalist\inat_30943799_48379001.jpg,2,0.747,bird
inat_30943799_48379137.jpg,data/raw/inaturalist\inat_30943799_48379137.jpg,1,0.225,bird
inat_30975850_48433285.jpg,data/raw/inaturalist\inat_30975850_48433285.jpg,1,0.401,cat
inat_30976331_48434188.jpg,data/raw/inaturalist\inat_30976331_48434188.jpg,1,0.646,bird
inat_30976331_48434214.jpg,data/raw/inaturalist\inat_30976331_48434214.jpg,1,0.15,bird;zebra
inat_30977930_48437451.jpg,data/raw/inaturalist\inat_30977930_48437451.jpg,1,0.762,dog
inat_30978130_48437857.jpg,data/raw/inaturalist\inat_30978130_48437857.jpg,1,0.951,
inat_30980753_48441294.jpg,data/raw/inaturalist\inat_30980753_48441294.jpg,1,0.894,
inat_30980753_48441333.jpg,data/raw/inaturalist\inat_30980753_48441333.jpg,0,0.0,cow
inat_30980969_48441675.jpg,data/raw/inaturalist\inat_30980969_48441675.jpg,1,0.876,
inat_310110391_559657685.jpg,data/raw/inaturalist\inat_310110391_559657685.jpg,4,0.924,
inat_311006082_561375836.jpg,data/raw/inaturalist\inat_311006082_561375836.jpg,1,0.757,
inat_311006082_561375871.jpg,data/raw/inaturalist\inat_311006082_561375871.jpg,1,0.072,
inat_311006082_561375898.jpg,data/raw/inaturalist\inat_311006082_561375898.jpg,1,0.878,
inat_311006082_561375926.jpg,data/raw/inaturalist\inat_311006082_561375926.jpg,1,0.934,
inat_311006082_561375951.jpg,data/raw/inaturalist\inat_311006082_561375951.jpg,1,0.895,
inat_311006082_561375985.jpg,data/raw/inaturalist\inat_311006082_561375985.jpg,1,0.877,
inat_311006082_561376008.jpg,data/raw/inaturalist\inat_311006082_561376008.jpg,1,0.9,
inat_311006082_561376032.jpg,data/raw/inaturalist\inat_311006082_561376032.jpg,1,0.945,
inat_31357205_49070123.jpg,data/raw/inaturalist\inat_31357205_49070123.jpg,1,0.917,
inat_315133082_569257117.jpg,data/raw/inaturalist\inat_315133082_569257117.jpg,1,0.944,
inat_315133082_569257149.jpg,data/raw/inaturalist\inat_315133082_569257149.jpg,3,0.41,bird
inat_315380094_569718473.jpg,data/raw/inaturalist\inat_315380094_569718473.jpg,0,0.0,
inat_315380094_569718501.jpg,data/raw/inaturalist\inat_315380094_569718501.jpg,0,0.0,
inat_315380094_569718531.jpg,data/raw/inaturalist\inat_315380094_569718531.jpg,0,0.0,
inat_315380094_569718551.jpg,data/raw/inaturalist\inat_315380094_569718551.jpg,0,0.0,
inat_315380094_569718580.jpg,data/raw/inaturalist\inat_315380094_569718580.jpg,0,0.0,umbrella
inat_316910162_572614652.jpg,data/raw/inaturalist\inat_316910162_572614652.jpg,1,0.781,
inat_316910162_572614762.jpg,data/raw/inaturalist\inat_316910162_572614762.jpg,1,0.837,
inat_316910162_572614774.jpg,data/raw/inaturalist\inat_316910162_572614774.jpg,1,0.823,
inat_320708111_579893786.jpg,data/raw/inaturalist\inat_320708111_579893786.jpg,1,0.792,
inat_320708111_579896610.jpg,data/raw/inaturalist\inat_320708111_579896610.jpg,1,0.863,
inat_320708111_579896629.jpg,data/raw/inaturalist\inat_320708111_579896629.jpg,1,0.604,cat
inat_321921952_582265509.jpg,data/raw/inaturalist\inat_321921952_582265509.jpg,1,0.856,car;clock;truck
inat_321922423_582266373.jpg,data/raw/inaturalist\inat_321922423_582266373.jpg,0,0.0,sheep
inat_321922423_582266442.jpg,data/raw/inaturalist\inat_321922423_582266442.jpg,0,0.0,cow;sheep
inat_321922423_582266495.jpg,data/raw/inaturalist\inat_321922423_582266495.jpg,0,0.0,
inat_321922423_582266578.jpg,data/raw/inaturalist\inat_321922423_582266578.jpg,0,0.0,cow;horse
inat_321922423_582266639.jpg,data/raw/inaturalist\inat_321922423_582266639.jpg,0,0.0,cow
inat_321922423_582266702.jpg,data/raw/inaturalist\inat_321922423_582266702.jpg,0,0.0,
inat_321953468_582329495.jpg,data/raw/inaturalist\inat_321953468_582329495.jpg,1,0.437,cow
inat_321953468_582329516.jpg,data/raw/inaturalist\inat_321953468_582329516.jpg,1,0.403,cat;dog
inat_321953468_582329551.jpg,data/raw/inaturalist\inat_321953468_582329551.jpg,1,0.745,
inat_321953468_582329598.jpg,data/raw/inaturalist\inat_321953468_582329598.jpg,1,0.096,cat;cow;dog
inat_321953468_582329643.jpg,data/raw/inaturalist\inat_321953468_582329643.jpg,0,0.0,bird
inat_321953468_582329718.jpg,data/raw/inaturalist\inat_321953468_582329718.jpg,1,0.74,
inat_321953468_582329738.jpg,data/raw/inaturalist\inat_321953468_582329738.jpg,1,0.142,cat;cow;dog
inat_322044251_582513627.jpg,data/raw/inaturalist\inat_322044251_582513627.jpg,1,0.904,
inat_322661323_583741275.jpg,data/raw/inaturalist\inat_322661323_583741275.jpg,0,0.0,bird
inat_322661323_583741290.jpg,data/raw/inaturalist\inat_322661323_583741290.jpg,1,0.324,
inat_322661323_583741299.jpg,data/raw/inaturalist\inat_322661323_583741299.jpg,1,0.458,
inat_322661323_583741301.jpg,data/raw/inaturalist\inat_322661323_583741301.jpg,1,0.795,
inat_322661323_583741320.jpg,data/raw/inaturalist\inat_322661323_583741320.jpg,3,0.554,
inat_322661323_583741341.jpg,data/raw/inaturalist\inat_322661323_583741341.jpg,1,0.605,
inat_322661323_583741342.jpg,data/raw/inaturalist\inat_322661323_583741342.jpg,1,0.611,
inat_322661323_583741348.jpg,data/raw/inaturalist\inat_322661323_583741348.jpg,0,0.0,bird
inat_322661323_583741373.jpg,data/raw/inaturalist\inat_322661323_583741373.jpg,1,0.869,
inat_322661323_583741379.jpg,data/raw/inaturalist\inat_322661323_583741379.jpg,1,0.057,
inat_322661323_583741384.jpg,data/raw/inaturalist\inat_322661323_583741384.jpg,5,0.245,
inat_322661323_583741397.jpg,data/raw/inaturalist\inat_322661323_583741397.jpg,1,0.157,bird
inat_322661323_583741408.jpg,data/raw/inaturalist\inat_322661323_583741408.jpg,0,0.0,
inat_322661323_583741415.jpg,data/raw/inaturalist\inat_322661323_583741415.jpg,0,0.0,
inat_322661323_583741420.jpg,data/raw/inaturalist\inat_322661323_583741420.jpg,2,0.227,elephant
inat_322661323_583741439.jpg,data/raw/inaturalist\inat_322661323_583741439.jpg,2,0.426,
inat_322661323_583741446.jpg,data/raw/inaturalist\inat_322661323_583741446.jpg,2,0.178,elephant
inat_322661323_583741457.jpg,data/raw/inaturalist\inat_322661323_583741457.jpg,2,0.278,bird;elephant;sheep
inat_322661323_583741476.jpg,data/raw/inaturalist\inat_322661323_583741476.jpg,2,0.178,giraffe
inat_322661323_583741486.jpg,data/raw/inaturalist\inat_322661323_583741486.jpg,5,0.168,elephant
inat_322664608_583749272.jpg,data/raw/inaturalist\inat_322664608_583749272.jpg,1,0.655,cat;dog
inat_322664608_583749293.jpg,data/raw/inaturalist\inat_322664608_583749293.jpg,1,0.262,cat;dog
inat_322664608_583749294.jpg,data/raw/inaturalist\inat_322664608_583749294.jpg,0,0.0,cat;dog
inat_322664608_583749307.jpg,data/raw/inaturalist\inat_322664608_583749307.jpg,1,0.21,cat;dog
inat_322664608_583749318.jpg,data/raw/inaturalist\inat_322664608_583749318.jpg,1,0.174,cat;dog
inat_322664608_583749335.jpg,data/raw/inaturalist\inat_322664608_583749335.jpg,1,0.499,cat
inat_322664608_583749359.jpg,data/raw/inaturalist\inat_322664608_583749359.jpg,1,0.234,cat;dog
inat_322664608_583749378.jpg,data/raw/inaturalist\inat_322664608_583749378.jpg,1,0.807,
inat_322664608_583749434.jpg,data/raw/inaturalist\inat_322664608_583749434.jpg,1,0.716,
inat_322664608_583749443.jpg,data/raw/inaturalist\inat_322664608_583749443.jpg,1,0.935,
inat_322664608_583749471.jpg,data/raw/inaturalist\inat_322664608_583749471.jpg,3,0.892,
inat_322664608_583749513.jpg,data/raw/inaturalist\inat_322664608_583749513.jpg,1,0.5,
inat_322664608_583749519.jpg,data/raw/inaturalist\inat_322664608_583749519.jpg,1,0.705,
inat_322664608_583749533.jpg,data/raw/inaturalist\inat_322664608_583749533.jpg,1,0.873,
inat_322664608_583749563.jpg,data/raw/inaturalist\inat_322664608_583749563.jpg,1,0.921,
inat_322664608_583749596.jpg,data/raw/inaturalist\inat_322664608_583749596.jpg,1,0.871,
inat_322664608_583749676.jpg,data/raw/inaturalist\inat_322664608_583749676.jpg,1,0.921,
inat_322664608_583749720.jpg,data/raw/inaturalist\inat_322664608_583749720.jpg,1,0.826,
inat_322664608_583749759.jpg,data/raw/inaturalist\inat_322664608_583749759.jpg,1,0.943,
inat_322664608_583749766.jpg,data/raw/inaturalist\inat_322664608_583749766.jpg,1,0.95,
inat_322824612_584059835.jpg,data/raw/inaturalist\inat_322824612_584059835.jpg,1,0.954,
inat_323642337_585644003.jpg,data/raw/inaturalist\inat_323642337_585644003.jpg,0,0.0,cake;person;pizza
inat_323642337_585644008.jpg,data/raw/inaturalist\inat_323642337_585644008.jpg,0,0.0,carrot
inat_324083822_586514857.jpg,data/raw/inaturalist\inat_324083822_586514857.jpg,0,0.0,
inat_324367058_587073702.jpg,data/raw/inaturalist\inat_324367058_587073702.jpg,0,0.0,
inat_324591523_587527930.jpg,data/raw/inaturalist\inat_324591523_587527930.jpg,0,0.0,bird;chair;dog;person
inat_324739656_587829642.jpg,data/raw/inaturalist\inat_324739656_587829642.jpg,2,0.808,
inat_324758885_587864225.jpg,data/raw/inaturalist\inat_324758885_587864225.jpg,1,0.824,banana
inat_324758885_587864270.jpg,data/raw/inaturalist\inat_324758885_587864270.jpg,1,0.912,
inat_324758885_587864283.jpg,data/raw/inaturalist\inat_324758885_587864283.jpg,1,0.941,
inat_324759155_587869969.jpg,data/raw/inaturalist\inat_324759155_587869969.jpg,0,0.0,
inat_325385770_589122126.jpg,data/raw/inaturalist\inat_325385770_589122126.jpg,0,0.0,bird
inat_325594503_589534011.jpg,data/raw/inaturalist\inat_325594503_589534011.jpg,1,0.954,
inat_326027658_590399108.jpg,data/raw/inaturalist\inat_326027658_590399108.jpg,1,0.654,
inat_326052695_590446809.jpg,data/raw/inaturalist\inat_326052695_590446809.jpg,1,0.713,
inat_327391985_593117621.jpg,data/raw/inaturalist\inat_327391985_593117621.jpg,0,0.0,giraffe
inat_327606298_593543093.jpg,data/raw/inaturalist\inat_327606298_593543093.jpg,1,0.924,apple
inat_327606298_593543114.jpg,data/raw/inaturalist\inat_327606298_593543114.jpg,1,0.948,
inat_327606298_593543128.jpg,data/raw/inaturalist\inat_327606298_593543128.jpg,1,0.802,dog
inat_327606298_593543149.jpg,data/raw/inaturalist\inat_327606298_593543149.jpg,1,0.86,apple;cat;sports ball
inat_327710614_593743330.jpg,data/raw/inaturalist\inat_327710614_593743330.jpg,0,0.0,bird;giraffe
inat_327710614_593743365.jpg,data/raw/inaturalist\inat_327710614_593743365.jpg,0,0.0,bird
inat_327710614_593743410.jpg,data/raw/inaturalist\inat_327710614_593743410.jpg,0,0.0,bird
inat_327792323_593894917.jpg,data/raw/inaturalist\inat_327792323_593894917.jpg,1,0.416,bird;dog
inat_327792323_593894919.jpg,data/raw/inaturalist\inat_327792323_593894919.jpg,1,0.642,bird;dog
inat_327803075_593916054.jpg,data/raw/inaturalist\inat_327803075_593916054.jpg,1,0.903,
inat_327803154_593916857.jpg,data/raw/inaturalist\inat_327803154_593916857.jpg,1,0.955,
inat_327848537_594008593.jpg,data/raw/inaturalist\inat_327848537_594008593.jpg,1,0.936,
inat_327851811_594014688.jpg,data/raw/inaturalist\inat_327851811_594014688.jpg,0,0.0,sheep
inat_327851811_597835900.jpg,data/raw/inaturalist\inat_327851811_597835900.jpg,1,0.782,
inat_327851811_597836540.jpg,data/raw/inaturalist\inat_327851811_597836540.jpg,1,0.364,cat
inat_327851811_597836655.jpg,data/raw/inaturalist\inat_327851811_597836655.jpg,1,0.247,cat
inat_327851811_597836853.jpg,data/raw/inaturalist\inat_327851811_597836853.jpg,1,0.699,cat;dog
inat_327851811_597836956.jpg,data/raw/inaturalist\inat_327851811_597836956.jpg,2,0.733,
inat_328841178_595967831.jpg,data/raw/inaturalist\inat_328841178_595967831.jpg,1,0.348,dog
inat_32890636_51621012.jpg,data/raw/inaturalist\inat_32890636_51621012.jpg,3,0.872,
inat_329334258_596954890.jpg,data/raw/inaturalist\inat_329334258_596954890.jpg,1,0.937,
inat_329627214_597547788.jpg,data/raw/inaturalist\inat_329627214_597547788.jpg,1,0.057,person
inat_329860038_598007322.jpg,data/raw/inaturalist\inat_329860038_598007322.jpg,1,0.822,
inat_330183261_598677885.jpg,data/raw/inaturalist\inat_330183261_598677885.jpg,0,0.0,
inat_330183261_598677909.jpg,data/raw/inaturalist\inat_330183261_598677909.jpg,0,0.0,
inat_330365668_599049003.jpg,data/raw/inaturalist\inat_330365668_599049003.jpg,2,0.313,elephant
inat_330524329_599375050.jpg,data/raw/inaturalist\inat_330524329_599375050.jpg,2,0.227,
inat_330524329_599375052.jpg,data/raw/inaturalist\inat_330524329_599375052.jpg,2,0.23,elephant
inat_330524329_599375055.jpg,data/raw/inaturalist\inat_330524329_599375055.jpg,0,0.0,bird
inat_330524329_599375056.jpg,data/raw/inaturalist\inat_330524329_599375056.jpg,0,0.0,cow;horse
inat_330524329_599375057.jpg,data/raw/inaturalist\inat_330524329_599375057.jpg,2,0.111,
inat_330524329_599375058.jpg,data/raw/inaturalist\inat_330524329_599375058.jpg,2,0.12,
inat_330524329_599375060.jpg,data/raw/inaturalist\inat_330524329_599375060.jpg,2,0.228,
inat_330524329_599375061.jpg,data/raw/inaturalist\inat_330524329_599375061.jpg,1,0.761,elephant
inat_330524329_599375064.jpg,data/raw/inaturalist\inat_330524329_599375064.jpg,1,0.117,elephant
inat_330524329_599375066.jpg,data/raw/inaturalist\inat_330524329_599375066.jpg,0,0.0,bird
inat_330524329_599375067.jpg,data/raw/inaturalist\inat_330524329_599375067.jpg,0,0.0,bird
inat_330741656_599826523.jpg,data/raw/inaturalist\inat_330741656_599826523.jpg,2,0.734,
inat_331410704_601204392.jpg,data/raw/inaturalist\inat_331410704_601204392.jpg,0,0.0,
inat_331410704_601204430.jpg,data/raw/inaturalist\inat_331410704_601204430.jpg,1,0.386,
inat_331410704_601204432.jpg,data/raw/inaturalist\inat_331410704_601204432.jpg,3,0.439,traffic light
inat_331462626_601313534.jpg,data/raw/inaturalist\inat_331462626_601313534.jpg,1,0.908,
inat_331462626_601313553.jpg,data/raw/inaturalist\inat_331462626_601313553.jpg,2,0.288,horse
inat_331462626_601313563.jpg,data/raw/inaturalist\inat_331462626_601313563.jpg,3,0.905,
inat_331462626_601313626.jpg,data/raw/inaturalist\inat_331462626_601313626.jpg,1,0.23,
inat_331462626_601313637.jpg,data/raw/inaturalist\inat_331462626_601313637.jpg,0,0.0,elephant
inat_331462626_601313658.jpg,data/raw/inaturalist\inat_331462626_601313658.jpg,1,0.83,
inat_331462626_601313709.jpg,data/raw/inaturalist\inat_331462626_601313709.jpg,2,0.669,
inat_331462626_601313725.jpg,data/raw/inaturalist\inat_331462626_601313725.jpg,2,0.651,elephant
inat_332251439_602930439.jpg,data/raw/inaturalist\inat_332251439_602930439.jpg,1,0.726,cat
inat_33226643_52168792.jpg,data/raw/inaturalist\inat_33226643_52168792.jpg,2,0.158,elephant
inat_332286484_603092726.jpg,data/raw/inaturalist\inat_332286484_603092726.jpg,2,0.066,
inat_332286484_603092744.jpg,data/raw/inaturalist\inat_332286484_603092744.jpg,1,0.866,
inat_332732628_603908292.jpg,data/raw/inaturalist\inat_332732628_603908292.jpg,1,0.939,
inat_332732628_603908305.jpg,data/raw/inaturalist\inat_332732628_603908305.jpg,5,0.893,elephant;sheep
inat_332732628_603908306.jpg,data/raw/inaturalist\inat_332732628_603908306.jpg,1,0.942,cow;sheep
inat_332732628_603908322.jpg,data/raw/inaturalist\inat_332732628_603908322.jpg,1,0.917,
inat_33306082_52302791.jpg,data/raw/inaturalist\inat_33306082_52302791.jpg,1,0.901,
inat_33340910_52359720.jpg,data/raw/inaturalist\inat_33340910_52359720.jpg,2,0.624,frisbee
inat_334047681_606544102.jpg,data/raw/inaturalist\inat_334047681_606544102.jpg,0,0.0,
inat_334286556_607031805.jpg,data/raw/inaturalist\inat_334286556_607031805.jpg,1,0.623,cat;dog;person
inat_334286556_607031829.jpg,data/raw/inaturalist\inat_334286556_607031829.jpg,1,0.729,cow;dog
inat_334286556_607031845.jpg,data/raw/inaturalist\inat_334286556_607031845.jpg,1,0.586,bird;cow
inat_334286556_607031858.jpg,data/raw/inaturalist\inat_334286556_607031858.jpg,2,0.89,bird
inat_334286556_607031876.jpg,data/raw/inaturalist\inat_334286556_607031876.jpg,1,0.752,cat;dog
inat_334286556_607031890.jpg,data/raw/inaturalist\inat_334286556_607031890.jpg,1,0.871,
inat_334286556_607031906.jpg,data/raw/inaturalist\inat_334286556_607031906.jpg,4,0.378,
inat_334286556_607031924.jpg,data/raw/inaturalist\inat_334286556_607031924.jpg,1,0.143,bird;cow
inat_334450549_607365726.jpg,data/raw/inaturalist\inat_334450549_607365726.jpg,1,0.078,elephant
inat_334485270_607436333.jpg,data/raw/inaturalist\inat_334485270_607436333.jpg,4,0.393,bird
inat_334559150_607587772.jpg,data/raw/inaturalist\inat_334559150_607587772.jpg,5,0.623,
inat_334662218_607792042.jpg,data/raw/inaturalist\inat_334662218_607792042.jpg,4,0.634,
inat_335428335_609592049.jpg,data/raw/inaturalist\inat_335428335_609592049.jpg,2,0.885,
inat_335428335_609592057.jpg,data/raw/inaturalist\inat_335428335_609592057.jpg,2,0.896,bird;zebra
inat_335428335_609592063.jpg,data/raw/inaturalist\inat_335428335_609592063.jpg,3,0.854,
inat_335428335_609592077.jpg,data/raw/inaturalist\inat_335428335_609592077.jpg,2,0.925,
inat_336086781_610673967.jpg,data/raw/inaturalist\inat_336086781_610673967.jpg,1,0.919,
inat_336086781_611438225.jpg,data/raw/inaturalist\inat_336086781_611438225.jpg,0,0.0,
inat_336086781_611438230.jpg,data/raw/inaturalist\inat_336086781_611438230.jpg,1,0.786,
inat_336086781_611438239.jpg,data/raw/inaturalist\inat_336086781_611438239.jpg,1,0.937,
inat_336086781_611438243.jpg,data/raw/inaturalist\inat_336086781_611438243.jpg,2,0.951,bird;giraffe
inat_336086781_611438249.jpg,data/raw/inaturalist\inat_336086781_611438249.jpg,1,0.935,
inat_336086781_611438260.jpg,data/raw/inaturalist\inat_336086781_611438260.jpg,1,0.94,
inat_336399806_611299207.jpg,data/raw/inaturalist\inat_336399806_611299207.jpg,1,0.363,bird
inat_336399806_611299212.jpg,data/raw/inaturalist\inat_336399806_611299212.jpg,1,0.783,
inat_336414635_611332417.jpg,data/raw/inaturalist\inat_336414635_611332417.jpg,0,0.0,
inat_336415483_611332919.jpg,data/raw/inaturalist\inat_336415483_611332919.jpg,0,0.0,
inat_337211000_612954229.jpg,data/raw/inaturalist\inat_337211000_612954229.jpg,0,0.0,bird;boat;person
inat_337327874_613192552.jpg,data/raw/inaturalist\inat_337327874_613192552.jpg,0,0.0,banana;carrot
inat_337404729_613351246.jpg,data/raw/inaturalist\inat_337404729_613351246.jpg,0,0.0,giraffe
inat_338014824_614602509.jpg,data/raw/inaturalist\inat_338014824_614602509.jpg,1,0.93,
inat_338242610_615066857.jpg,data/raw/inaturalist\inat_338242610_615066857.jpg,1,0.773,
inat_338242610_615068008.jpg,data/raw/inaturalist\inat_338242610_615068008.jpg,1,0.954,
inat_338242610_615068034.jpg,data/raw/inaturalist\inat_338242610_615068034.jpg,1,0.381,
inat_338242610_615068053.jpg,data/raw/inaturalist\inat_338242610_615068053.jpg,1,0.518,cow
inat_338502989_615608476.jpg,data/raw/inaturalist\inat_338502989_615608476.jpg,1,0.953,apple
inat_338728748_616057244.jpg,data/raw/inaturalist\inat_338728748_616057244.jpg,0,0.0,
inat_338728748_616060709.jpg,data/raw/inaturalist\inat_338728748_616060709.jpg,0,0.0,
inat_338728748_616060781.jpg,data/raw/inaturalist\inat_338728748_616060781.jpg,1,0.055,
inat_338911279_616416320.jpg,data/raw/inaturalist\inat_338911279_616416320.jpg,1,0.09,
inat_339346436_617299522.jpg,data/raw/inaturalist\inat_339346436_617299522.jpg,0,0.0,
inat_339346436_617300693.jpg,data/raw/inaturalist\inat_339346436_617300693.jpg,0,0.0,elephant
inat_339346436_617309528.jpg,data/raw/inaturalist\inat_339346436_617309528.jpg,2,0.586,elephant
inat_339495933_617716203.jpg,data/raw/inaturalist\inat_339495933_617716203.jpg,1,0.116,bird;cow;dog
inat_339496023_617716212.jpg,data/raw/inaturalist\inat_339496023_617716212.jpg,1,0.051,bird;dog;person
inat_339496023_617716218.jpg,data/raw/inaturalist\inat_339496023_617716218.jpg,0,0.0,bird
inat_339496023_617716228.jpg,data/raw/inaturalist\inat_339496023_617716228.jpg,1,0.623,bird
inat_339550771_617718184.jpg,data/raw/inaturalist\inat_339550771_617718184.jpg,1,0.953,
inat_339550771_617718193.jpg,data/raw/inaturalist\inat_339550771_617718193.jpg,1,0.803,
inat_33968556_53406948.jpg,data/raw/inaturalist\inat_33968556_53406948.jpg,2,0.7,
inat_339794405_618207164.jpg,data/raw/inaturalist\inat_339794405_618207164.jpg,1,0.85,
inat_339794405_618207165.jpg,data/raw/inaturalist\inat_339794405_618207165.jpg,1,0.873,
inat_339824113_618270634.jpg,data/raw/inaturalist\inat_339824113_618270634.jpg,3,0.869,
inat_340019034_618669461.jpg,data/raw/inaturalist\inat_340019034_618669461.jpg,1,0.949,
inat_340019034_618669482.jpg,data/raw/inaturalist\inat_340019034_618669482.jpg,1,0.944,
inat_340358050_619362862.jpg,data/raw/inaturalist\inat_340358050_619362862.jpg,2,0.927,
inat_340782794_620221352.jpg,data/raw/inaturalist\inat_340782794_620221352.jpg,2,0.941,
inat_340782794_620221353.jpg,data/raw/inaturalist\inat_340782794_620221353.jpg,1,0.943,
inat_340782794_620221355.jpg,data/raw/inaturalist\inat_340782794_620221355.jpg,1,0.934,
inat_340782794_620221369.jpg,data/raw/inaturalist\inat_340782794_620221369.jpg,2,0.722,
inat_342174734_623059003.jpg,data/raw/inaturalist\inat_342174734_623059003.jpg,3,0.804,elephant
inat_342174734_623059082.jpg,data/raw/inaturalist\inat_342174734_623059082.jpg,2,0.483,cow;elephant;giraffe
inat_343009633_624726094.jpg,data/raw/inaturalist\inat_343009633_624726094.jpg,0,0.0,bird
inat_343225428_625171182.jpg,data/raw/inaturalist\inat_343225428_625171182.jpg,1,0.519,
inat_343225428_625171188.jpg,data/raw/inaturalist\inat_343225428_625171188.jpg,1,0.474,bird
inat_343225428_625171194.jpg,data/raw/inaturalist\inat_343225428_625171194.jpg,0,0.0,
inat_343225428_625171226.jpg,data/raw/inaturalist\inat_343225428_625171226.jpg,1,0.869,
inat_343225428_625171227.jpg,data/raw/inaturalist\inat_343225428_625171227.jpg,1,0.832,bird
inat_344020678_626763001.jpg,data/raw/inaturalist\inat_344020678_626763001.jpg,1,0.809,
inat_344020678_626763065.jpg,data/raw/inaturalist\inat_344020678_626763065.jpg,1,0.723,
inat_344020678_626763408.jpg,data/raw/inaturalist\inat_344020678_626763408.jpg,1,0.711,
inat_344020678_626763736.jpg,data/raw/inaturalist\inat_344020678_626763736.jpg,1,0.208,zebra
inat_344020678_626764185.jpg,data/raw/inaturalist\inat_344020678_626764185.jpg,1,0.438,
inat_344056031_626839054.jpg,data/raw/inaturalist\inat_344056031_626839054.jpg,1,0.52,bird
inat_344056031_626839097.jpg,data/raw/inaturalist\inat_344056031_626839097.jpg,1,0.692,
inat_344697768_628011140.jpg,data/raw/inaturalist\inat_344697768_628011140.jpg,2,0.638,
inat_344697768_628011146.jpg,data/raw/inaturalist\inat_344697768_628011146.jpg,3,0.54,
inat_344697768_628011184.jpg,data/raw/inaturalist\inat_344697768_628011184.jpg,1,0.482,elephant
inat_344697768_628011188.jpg,data/raw/inaturalist\inat_344697768_628011188.jpg,2,0.671,
inat_344697768_628011202.jpg,data/raw/inaturalist\inat_344697768_628011202.jpg,2,0.851,
inat_344697768_628011213.jpg,data/raw/inaturalist\inat_344697768_628011213.jpg,2,0.811,
inat_344697768_628011222.jpg,data/raw/inaturalist\inat_344697768_628011222.jpg,2,0.698,
inat_34490534_54290036.jpg,data/raw/inaturalist\inat_34490534_54290036.jpg,1,0.834,
inat_34490534_54290038.jpg,data/raw/inaturalist\inat_34490534_54290038.jpg,1,0.394,cat
inat_344928187_628527758.jpg,data/raw/inaturalist\inat_344928187_628527758.jpg,0,0.0,bed;person
inat_344928187_628527761.jpg,data/raw/inaturalist\inat_344928187_628527761.jpg,0,0.0,
inat_344928187_628527764.jpg,data/raw/inaturalist\inat_344928187_628527764.jpg,0,0.0,
inat_344928187_628527765.jpg,data/raw/inaturalist\inat_344928187_628527765.jpg,0,0.0,cell phone;person
inat_344928187_628527766.jpg,data/raw/inaturalist\inat_344928187_628527766.jpg,0,0.0,orange
inat_344960842_628587077.jpg,data/raw/inaturalist\inat_344960842_628587077.jpg,2,0.762,
inat_344960893_628587456.jpg,data/raw/inaturalist\inat_344960893_628587456.jpg,1,0.891,
inat_345538681_629729280.jpg,data/raw/inaturalist\inat_345538681_629729280.jpg,1,0.898,
inat_345538681_629729299.jpg,data/raw/inaturalist\inat_345538681_629729299.jpg,1,0.534,
inat_345538681_629729330.jpg,data/raw/inaturalist\inat_345538681_629729330.jpg,1,0.956,
inat_345538681_629729347.jpg,data/raw/inaturalist\inat_345538681_629729347.jpg,2,0.808,
inat_345583106_629819962.jpg,data/raw/inaturalist\inat_345583106_629819962.jpg,1,0.939,
inat_345583106_629820017.jpg,data/raw/inaturalist\inat_345583106_629820017.jpg,1,0.951,
inat_345583106_629820047.jpg,data/raw/inaturalist\inat_345583106_629820047.jpg,1,0.931,
inat_345583106_629820076.jpg,data/raw/inaturalist\inat_345583106_629820076.jpg,1,0.922,
inat_345583106_629820109.jpg,data/raw/inaturalist\inat_345583106_629820109.jpg,1,0.556,sheep
inat_347645626_633897009.jpg,data/raw/inaturalist\inat_347645626_633897009.jpg,0,0.0,
inat_347645626_633899439.jpg,data/raw/inaturalist\inat_347645626_633899439.jpg,0,0.0,handbag;person
inat_34878154_54948257.jpg,data/raw/inaturalist\inat_34878154_54948257.jpg,2,0.808,
inat_349624219_637808081.jpg,data/raw/inaturalist\inat_349624219_637808081.jpg,1,0.422,
inat_349872186_638290028.jpg,data/raw/inaturalist\inat_349872186_638290028.jpg,1,0.58,cat
inat_351516123_641482041.jpg,data/raw/inaturalist\inat_351516123_641482041.jpg,1,0.89,
inat_351516126_641482043.jpg,data/raw/inaturalist\inat_351516126_641482043.jpg,1,0.206,elephant
inat_351516127_641482045.jpg,data/raw/inaturalist\inat_351516127_641482045.jpg,1,0.904,
inat_351516133_641482384.jpg,data/raw/inaturalist\inat_351516133_641482384.jpg,0,0.0,
inat_351516135_641482403.jpg,data/raw/inaturalist\inat_351516135_641482403.jpg,5,0.185,
inat_351516137_641482410.jpg,data/raw/inaturalist\inat_351516137_641482410.jpg,4,0.155,
inat_351516140_641482605.jpg,data/raw/inaturalist\inat_351516140_641482605.jpg,2,0.61,
inat_351516141_641482870.jpg,data/raw/inaturalist\inat_351516141_641482870.jpg,1,0.442,
inat_351516142_641482787.jpg,data/raw/inaturalist\inat_351516142_641482787.jpg,1,0.802,
inat_351516145_641482987.jpg,data/raw/inaturalist\inat_351516145_641482987.jpg,3,0.441,
inat_351516146_641483065.jpg,data/raw/inaturalist\inat_351516146_641483065.jpg,2,0.656,
inat_351516147_641483067.jpg,data/raw/inaturalist\inat_351516147_641483067.jpg,3,0.38,
inat_351516152_641483079.jpg,data/raw/inaturalist\inat_351516152_641483079.jpg,3,0.189,
inat_351516153_641483284.jpg,data/raw/inaturalist\inat_351516153_641483284.jpg,3,0.263,
inat_351516154_641483279.jpg,data/raw/inaturalist\inat_351516154_641483279.jpg,2,0.409,
inat_351516160_641483361.jpg,data/raw/inaturalist\inat_351516160_641483361.jpg,1,0.721,
inat_351516161_641483285.jpg,data/raw/inaturalist\inat_351516161_641483285.jpg,4,0.289,
inat_351516163_641483410.jpg,data/raw/inaturalist\inat_351516163_641483410.jpg,3,0.261,
inat_351516168_641483416.jpg,data/raw/inaturalist\inat_351516168_641483416.jpg,0,0.0,bird
inat_351516170_641483455.jpg,data/raw/inaturalist\inat_351516170_641483455.jpg,1,0.108,bird
inat_351516171_641483525.jpg,data/raw/inaturalist\inat_351516171_641483525.jpg,2,0.668,bird
inat_351516174_641483593.jpg,data/raw/inaturalist\inat_351516174_641483593.jpg,1,0.82,
inat_351516175_641483645.jpg,data/raw/inaturalist\inat_351516175_641483645.jpg,1,0.881,
inat_351598168_641643330.jpg,data/raw/inaturalist\inat_351598168_641643330.jpg,2,0.923,bus;person
inat_351866524_642163854.jpg,data/raw/inaturalist\inat_351866524_642163854.jpg,0,0.0,
inat_351866524_642164018.jpg,data/raw/inaturalist\inat_351866524_642164018.jpg,0,0.0,
inat_351866524_654434663.jpg,data/raw/inaturalist\inat_351866524_654434663.jpg,1,0.665,sheep
inat_351866524_654434732.jpg,data/raw/inaturalist\inat_351866524_654434732.jpg,0,0.0,
inat_351866524_654434761.jpg,data/raw/inaturalist\inat_351866524_654434761.jpg,0,0.0,
inat_352358683_643113614.jpg,data/raw/inaturalist\inat_352358683_643113614.jpg,1,0.617,elephant
inat_353787379_645463093.jpg,data/raw/inaturalist\inat_353787379_645463093.jpg,1,0.925,
inat_353787514_645568793.jpg,data/raw/inaturalist\inat_353787514_645568793.jpg,1,0.944,carrot
inat_354300539_646357483.jpg,data/raw/inaturalist\inat_354300539_646357483.jpg,1,0.79,
inat_354510156_646699969.jpg,data/raw/inaturalist\inat_354510156_646699969.jpg,0,0.0,bird;carrot;person
inat_357763747_652425747.jpg,data/raw/inaturalist\inat_357763747_652425747.jpg,0,0.0,
inat_357763747_652425775.jpg,data/raw/inaturalist\inat_357763747_652425775.jpg,0,0.0,
inat_358811826_654604107.jpg,data/raw/inaturalist\inat_358811826_654604107.jpg,2,0.881,
inat_359300782_655531384.jpg,data/raw/inaturalist\inat_359300782_655531384.jpg,1,0.911,bench
inat_35977834_56807271.jpg,data/raw/inaturalist\inat_35977834_56807271.jpg,0,0.0,
inat_360374635_657576256.jpg,data/raw/inaturalist\inat_360374635_657576256.jpg,1,0.896,
inat_362589414_661796145.jpg,data/raw/inaturalist\inat_362589414_661796145.jpg,2,0.586,traffic light
inat_362847370_662282417.jpg,data/raw/inaturalist\inat_362847370_662282417.jpg,1,0.078,person
inat_36352681_57456052.jpg,data/raw/inaturalist\inat_36352681_57456052.jpg,1,0.456,
inat_363818292_664142511.jpg,data/raw/inaturalist\inat_363818292_664142511.jpg,0,0.0,
inat_36412527_57556471.jpg,data/raw/inaturalist\inat_36412527_57556471.jpg,2,0.623,
inat_364447173_665312071.jpg,data/raw/inaturalist\inat_364447173_665312071.jpg,3,0.674,
inat_364447173_665312103.jpg,data/raw/inaturalist\inat_364447173_665312103.jpg,2,0.838,
inat_364447173_665312123.jpg,data/raw/inaturalist\inat_364447173_665312123.jpg,2,0.756,
inat_364447173_665312174.jpg,data/raw/inaturalist\inat_364447173_665312174.jpg,1,0.745,
inat_364447173_665312224.jpg,data/raw/inaturalist\inat_364447173_665312224.jpg,1,0.825,apple
inat_364447173_665312248.jpg,data/raw/inaturalist\inat_364447173_665312248.jpg,1,0.866,apple
inat_364447173_674992508.jpg,data/raw/inaturalist\inat_364447173_674992508.jpg,1,0.62,
inat_364456716_665331026.jpg,data/raw/inaturalist\inat_364456716_665331026.jpg,1,0.428,bird
inat_364553282_665522889.jpg,data/raw/inaturalist\inat_364553282_665522889.jpg,1,0.921,
inat_364826385_666030987.jpg,data/raw/inaturalist\inat_364826385_666030987.jpg,1,0.881,
inat_364998321_666364022.jpg,data/raw/inaturalist\inat_364998321_666364022.jpg,3,0.372,
inat_36604788_57884124.jpg,data/raw/inaturalist\inat_36604788_57884124.jpg,0,0.0,carrot;knife;person;pizza
inat_36604792_57884138.jpg,data/raw/inaturalist\inat_36604792_57884138.jpg,0,0.0,carrot;dining table;hot dog;knife;person;pizza
inat_367792235_671682127.jpg,data/raw/inaturalist\inat_367792235_671682127.jpg,1,0.914,
inat_367792235_671682235.jpg,data/raw/inaturalist\inat_367792235_671682235.jpg,1,0.963,
inat_367853632_671810104.jpg,data/raw/inaturalist\inat_367853632_671810104.jpg,1,0.702,elephant
inat_36801638_58233951.jpg,data/raw/inaturalist\inat_36801638_58233951.jpg,2,0.665,
inat_368144596_672371091.jpg,data/raw/inaturalist\inat_368144596_672371091.jpg,2,0.661,
inat_368144596_672371509.jpg,data/raw/inaturalist\inat_368144596_672371509.jpg,1,0.881,
inat_368144596_672371969.jpg,data/raw/inaturalist\inat_368144596_672371969.jpg,1,0.885,bird
inat_368144596_672372415.jpg,data/raw/inaturalist\inat_368144596_672372415.jpg,1,0.539,traffic light
inat_368149644_672379400.jpg,data/raw/inaturalist\inat_368149644_672379400.jpg,1,0.697,
inat_368149644_672379402.jpg,data/raw/inaturalist\inat_368149644_672379402.jpg,1,0.121,
inat_368149644_672379407.jpg,data/raw/inaturalist\inat_368149644_672379407.jpg,1,0.145,bird
inat_368149644_672379445.jpg,data/raw/inaturalist\inat_368149644_672379445.jpg,3,0.859,
inat_368161655_672403871.jpg,data/raw/inaturalist\inat_368161655_672403871.jpg,0,0.0,
inat_368161655_672403895.jpg,data/raw/inaturalist\inat_368161655_672403895.jpg,0,0.0,bird
inat_368161655_682202570.jpg,data/raw/inaturalist\inat_368161655_682202570.jpg,1,0.877,
inat_369551257_675043283.jpg,data/raw/inaturalist\inat_369551257_675043283.jpg,2,0.76,bird
inat_370741557_677318315.jpg,data/raw/inaturalist\inat_370741557_677318315.jpg,1,0.89,
inat_370741557_677318361.jpg,data/raw/inaturalist\inat_370741557_677318361.jpg,5,0.757,
inat_370741557_677318397.jpg,data/raw/inaturalist\inat_370741557_677318397.jpg,1,0.945,
inat_370741557_677318438.jpg,data/raw/inaturalist\inat_370741557_677318438.jpg,4,0.439,
inat_370741557_677318467.jpg,data/raw/inaturalist\inat_370741557_677318467.jpg,1,0.957,
inat_371116146_678043644.jpg,data/raw/inaturalist\inat_371116146_678043644.jpg,3,0.78,
inat_371116146_678043676.jpg,data/raw/inaturalist\inat_371116146_678043676.jpg,4,0.597,
inat_371116146_678043708.jpg,data/raw/inaturalist\inat_371116146_678043708.jpg,3,0.628,
inat_371116146_678043726.jpg,data/raw/inaturalist\inat_371116146_678043726.jpg,2,0.862,
inat_371116146_678043759.jpg,data/raw/inaturalist\inat_371116146_678043759.jpg,1,0.613,dog
inat_371116146_678043787.jpg,data/raw/inaturalist\inat_371116146_678043787.jpg,2,0.33,
inat_371116146_678043817.jpg,data/raw/inaturalist\inat_371116146_678043817.jpg,2,0.131,
inat_371116146_678045686.jpg,data/raw/inaturalist\inat_371116146_678045686.jpg,2,0.752,
inat_371245105_678279170.jpg,data/raw/inaturalist\inat_371245105_678279170.jpg,2,0.68,car
inat_371377548_678526437.jpg,data/raw/inaturalist\inat_371377548_678526437.jpg,1,0.719,
inat_371452062_678670667.jpg,data/raw/inaturalist\inat_371452062_678670667.jpg,1,0.924,
inat_371452062_678671968.jpg,data/raw/inaturalist\inat_371452062_678671968.jpg,3,0.826,
inat_371452062_678671969.jpg,data/raw/inaturalist\inat_371452062_678671969.jpg,1,0.781,
inat_371766648_679268031.jpg,data/raw/inaturalist\inat_371766648_679268031.jpg,1,0.835,
inat_371766648_679268428.jpg,data/raw/inaturalist\inat_371766648_679268428.jpg,3,0.462,
inat_371766648_679268430.jpg,data/raw/inaturalist\inat_371766648_679268430.jpg,1,0.901,
inat_371766648_679268441.jpg,data/raw/inaturalist\inat_371766648_679268441.jpg,1,0.932,
inat_371766648_679268454.jpg,data/raw/inaturalist\inat_371766648_679268454.jpg,4,0.714,
inat_371957478_679641693.jpg,data/raw/inaturalist\inat_371957478_679641693.jpg,1,0.85,
inat_374491713_684507616.jpg,data/raw/inaturalist\inat_374491713_684507616.jpg,1,0.156,
inat_374687138_684879156.jpg,data/raw/inaturalist\inat_374687138_684879156.jpg,0,0.0,
inat_374780708_685067206.jpg,data/raw/inaturalist\inat_374780708_685067206.jpg,1,0.816,
inat_375008924_685502111.jpg,data/raw/inaturalist\inat_375008924_685502111.jpg,1,0.936,
inat_376144543_687693939.jpg,data/raw/inaturalist\inat_376144543_687693939.jpg,1,0.869,sheep
inat_37769733_59936551.jpg,data/raw/inaturalist\inat_37769733_59936551.jpg,0,0.0,bird
inat_37769733_59947432.jpg,data/raw/inaturalist\inat_37769733_59947432.jpg,0,0.0,
inat_37769733_59947435.jpg,data/raw/inaturalist\inat_37769733_59947435.jpg,0,0.0,bird
inat_37924789_60197776.jpg,data/raw/inaturalist\inat_37924789_60197776.jpg,0,0.0,
inat_37924789_60197784.jpg,data/raw/inaturalist\inat_37924789_60197784.jpg,1,0.223,fire hydrant;frisbee
inat_37924789_60197790.jpg,data/raw/inaturalist\inat_37924789_60197790.jpg,0,0.0,person
inat_380155555_695460971.jpg,data/raw/inaturalist\inat_380155555_695460971.jpg,4,0.22,
inat_38065943_60444332.jpg,data/raw/inaturalist\inat_38065943_60444332.jpg,2,0.594,
inat_381027924_697167453.jpg,data/raw/inaturalist\inat_381027924_697167453.jpg,0,0.0,
inat_381027924_697167497.jpg,data/raw/inaturalist\inat_381027924_697167497.jpg,0,0.0,bird
inat_381027924_697167543.jpg,data/raw/inaturalist\inat_381027924_697167543.jpg,1,0.159,bird
inat_381027924_697167585.jpg,data/raw/inaturalist\inat_381027924_697167585.jpg,0,0.0,
inat_381027924_697232827.jpg,data/raw/inaturalist\inat_381027924_697232827.jpg,1,0.836,
inat_381027924_697232853.jpg,data/raw/inaturalist\inat_381027924_697232853.jpg,1,0.072,
inat_381308170_697688992.jpg,data/raw/inaturalist\inat_381308170_697688992.jpg,1,0.941,
inat_381308170_697689010.jpg,data/raw/inaturalist\inat_381308170_697689010.jpg,3,0.93,
inat_381308170_697689011.jpg,data/raw/inaturalist\inat_381308170_697689011.jpg,1,0.954,
inat_384029108_702929636.jpg,data/raw/inaturalist\inat_384029108_702929636.jpg,2,0.756,
inat_384029108_702929799.jpg,data/raw/inaturalist\inat_384029108_702929799.jpg,4,0.205,
inat_384138381_703145886.jpg,data/raw/inaturalist\inat_384138381_703145886.jpg,1,0.92,
inat_384301806_703458405.jpg,data/raw/inaturalist\inat_384301806_703458405.jpg,1,0.744,
inat_384301806_703458661.jpg,data/raw/inaturalist\inat_384301806_703458661.jpg,1,0.883,
inat_384301806_703458718.jpg,data/raw/inaturalist\inat_384301806_703458718.jpg,1,0.871,
inat_384301806_703458838.jpg,data/raw/inaturalist\inat_384301806_703458838.jpg,1,0.587,
inat_384301806_703458897.jpg,data/raw/inaturalist\inat_384301806_703458897.jpg,1,0.929,
inat_387762324_711210894.jpg,data/raw/inaturalist\inat_387762324_711210894.jpg,2,0.218,
inat_389213189_712910192.jpg,data/raw/inaturalist\inat_389213189_712910192.jpg,0,0.0,person
inat_389213189_712910193.jpg,data/raw/inaturalist\inat_389213189_712910193.jpg,0,0.0,person
inat_389213189_712910200.jpg,data/raw/inaturalist\inat_389213189_712910200.jpg,0,0.0,
inat_389760420_713968740.jpg,data/raw/inaturalist\inat_389760420_713968740.jpg,1,0.884,boat;person;surfboard
inat_390381556_715187375.jpg,data/raw/inaturalist\inat_390381556_715187375.jpg,1,0.699,elephant
inat_390381556_715187394.jpg,data/raw/inaturalist\inat_390381556_715187394.jpg,1,0.842,
inat_390381556_715187427.jpg,data/raw/inaturalist\inat_390381556_715187427.jpg,1,0.91,
inat_390381556_715187440.jpg,data/raw/inaturalist\inat_390381556_715187440.jpg,2,0.585,
inat_391008482_716412171.jpg,data/raw/inaturalist\inat_391008482_716412171.jpg,1,0.744,
inat_391008482_716412377.jpg,data/raw/inaturalist\inat_391008482_716412377.jpg,2,0.481,
inat_391554946_717480089.jpg,data/raw/inaturalist\inat_391554946_717480089.jpg,1,0.078,bird
inat_391971517_718279343.jpg,data/raw/inaturalist\inat_391971517_718279343.jpg,2,0.703,elephant;sheep
inat_391971517_718279356.jpg,data/raw/inaturalist\inat_391971517_718279356.jpg,1,0.81,
inat_392280160_718874268.jpg,data/raw/inaturalist\inat_392280160_718874268.jpg,1,0.83,
inat_392280160_718874273.jpg,data/raw/inaturalist\inat_392280160_718874273.jpg,2,0.845,
inat_392280160_718874282.jpg,data/raw/inaturalist\inat_392280160_718874282.jpg,1,0.891,
inat_392991797_720245901.jpg,data/raw/inaturalist\inat_392991797_720245901.jpg,2,0.935,
inat_39303499_62339452.jpg,data/raw/inaturalist\inat_39303499_62339452.jpg,0,0.0,bird
inat_39318254_62362185.jpg,data/raw/inaturalist\inat_39318254_62362185.jpg,1,0.958,
inat_3941361_4642425.jpg,data/raw/inaturalist\inat_3941361_4642425.jpg,0,0.0,
inat_394359318_722961441.jpg,data/raw/inaturalist\inat_394359318_722961441.jpg,5,0.725,
inat_394359318_722961443.jpg,data/raw/inaturalist\inat_394359318_722961443.jpg,5,0.382,
inat_394359318_722961444.jpg,data/raw/inaturalist\inat_394359318_722961444.jpg,1,0.052,bird
inat_394359318_722961457.jpg,data/raw/inaturalist\inat_394359318_722961457.jpg,3,0.35,
inat_39476682_62637454.jpg,data/raw/inaturalist\inat_39476682_62637454.jpg,1,0.925,
inat_3949312_4653132.jpg,data/raw/inaturalist\inat_3949312_4653132.jpg,0,0.0,
inat_3949312_4653133.jpg,data/raw/inaturalist\inat_3949312_4653133.jpg,0,0.0,
inat_3949312_4653134.jpg,data/raw/inaturalist\inat_3949312_4653134.jpg,0,0.0,giraffe
inat_395450065_725103486.jpg,data/raw/inaturalist\inat_395450065_725103486.jpg,2,0.809,
inat_39572560_62794763.jpg,data/raw/inaturalist\inat_39572560_62794763.jpg,0,0.0,backpack;banana;person
inat_39572560_62794770.jpg,data/raw/inaturalist\inat_39572560_62794770.jpg,0,0.0,banana;baseball bat;carrot;person
inat_395847042_725864701.jpg,data/raw/inaturalist\inat_395847042_725864701.jpg,1,0.951,
inat_395897101_725964198.jpg,data/raw/inaturalist\inat_395897101_725964198.jpg,1,0.091,bird;traffic light
inat_395897101_725964255.jpg,data/raw/inaturalist\inat_395897101_725964255.jpg,0,0.0,bird
inat_40437497_64173882.jpg,data/raw/inaturalist\inat_40437497_64173882.jpg,3,0.869,
inat_40690518_64503751.jpg,data/raw/inaturalist\inat_40690518_64503751.jpg,1,0.5,horse
inat_40826240_64720256.jpg,data/raw/inaturalist\inat_40826240_64720256.jpg,1,0.887,
inat_40826240_64720267.jpg,data/raw/inaturalist\inat_40826240_64720267.jpg,1,0.874,
inat_40826240_67655132.jpg,data/raw/inaturalist\inat_40826240_67655132.jpg,0,0.0,
inat_40826240_67655157.jpg,data/raw/inaturalist\inat_40826240_67655157.jpg,0,0.0,
inat_40836667_64734733.jpg,data/raw/inaturalist\inat_40836667_64734733.jpg,1,0.683,
inat_40836667_64734736.jpg,data/raw/inaturalist\inat_40836667_64734736.jpg,1,0.754,cat
inat_40836667_64734745.jpg,data/raw/inaturalist\inat_40836667_64734745.jpg,2,0.389,bird
inat_41835616_66382833.jpg,data/raw/inaturalist\inat_41835616_66382833.jpg,1,0.929,
inat_41835616_66383476.jpg,data/raw/inaturalist\inat_41835616_66383476.jpg,1,0.928,
inat_41887209_66468683.jpg,data/raw/inaturalist\inat_41887209_66468683.jpg,1,0.838,
inat_42415614_67344971.jpg,data/raw/inaturalist\inat_42415614_67344971.jpg,1,0.361,cat;dog
inat_42415616_67345007.jpg,data/raw/inaturalist\inat_42415616_67345007.jpg,1,0.892,
inat_42415620_67345130.jpg,data/raw/inaturalist\inat_42415620_67345130.jpg,1,0.908,
inat_42566614_67592901.jpg,data/raw/inaturalist\inat_42566614_67592901.jpg,1,0.085,bird
inat_42567797_67594777.jpg,data/raw/inaturalist\inat_42567797_67594777.jpg,1,0.764,
inat_42568480_67595857.jpg,data/raw/inaturalist\inat_42568480_67595857.jpg,5,0.823,
inat_42574409_67605496.jpg,data/raw/inaturalist\inat_42574409_67605496.jpg,0,0.0,apple;bird
inat_42574409_67606969.jpg,data/raw/inaturalist\inat_42574409_67606969.jpg,0,0.0,
inat_42835772_68027109.jpg,data/raw/inaturalist\inat_42835772_68027109.jpg,0,0.0,person
inat_42835772_68027161.jpg,data/raw/inaturalist\inat_42835772_68027161.jpg,0,0.0,broccoli
inat_42835772_68027196.jpg,data/raw/inaturalist\inat_42835772_68027196.jpg,0,0.0,bird
inat_42835772_68027274.jpg,data/raw/inaturalist\inat_42835772_68027274.jpg,0,0.0,
inat_42835772_68027338.jpg,data/raw/inaturalist\inat_42835772_68027338.jpg,1,0.059,bird;person;tie
inat_42835772_68027359.jpg,data/raw/inaturalist\inat_42835772_68027359.jpg,0,0.0,broccoli
inat_42835772_68027384.jpg,data/raw/inaturalist\inat_42835772_68027384.jpg,0,0.0,
inat_42835772_68027411.jpg,data/raw/inaturalist\inat_42835772_68027411.jpg,0,0.0,bench;dining table;fire hydrant;frisbee;person
inat_42835772_68027479.jpg,data/raw/inaturalist\inat_42835772_68027479.jpg,0,0.0,bird;person
inat_44231592_70129001.jpg,data/raw/inaturalist\inat_44231592_70129001.jpg,2,0.785,bench;bird
inat_44231592_70129556.jpg,data/raw/inaturalist\inat_44231592_70129556.jpg,1,0.943,
inat_44299923_70163934.jpg,data/raw/inaturalist\inat_44299923_70163934.jpg,0,0.0,
inat_45081966_71474392.jpg,data/raw/inaturalist\inat_45081966_71474392.jpg,2,0.602,
inat_46422616_73628357.jpg,data/raw/inaturalist\inat_46422616_73628357.jpg,1,0.824,
inat_46489867_73737197.jpg,data/raw/inaturalist\inat_46489867_73737197.jpg,2,0.463,
inat_46627161_73953094.jpg,data/raw/inaturalist\inat_46627161_73953094.jpg,0,0.0,bird;cat;kite
inat_46652283_73990424.jpg,data/raw/inaturalist\inat_46652283_73990424.jpg,0,0.0,
inat_46684391_74041659.jpg,data/raw/inaturalist\inat_46684391_74041659.jpg,0,0.0,
inat_46711174_74084637.jpg,data/raw/inaturalist\inat_46711174_74084637.jpg,2,0.108,bird
inat_46711972_74086112.jpg,data/raw/inaturalist\inat_46711972_74086112.jpg,3,0.712,bird
inat_46801959_74224930.jpg,data/raw/inaturalist\inat_46801959_74224930.jpg,0,0.0,bird
inat_46801959_74224991.jpg,data/raw/inaturalist\inat_46801959_74224991.jpg,0,0.0,person
inat_46905601_74387694.jpg,data/raw/inaturalist\inat_46905601_74387694.jpg,1,0.955,
inat_46905603_74388301.jpg,data/raw/inaturalist\inat_46905603_74388301.jpg,2,0.777,
inat_47020993_74566326.jpg,data/raw/inaturalist\inat_47020993_74566326.jpg,2,0.479,
inat_47020993_74567134.jpg,data/raw/inaturalist\inat_47020993_74567134.jpg,2,0.58,
inat_47020993_74567159.jpg,data/raw/inaturalist\inat_47020993_74567159.jpg,1,0.056,giraffe
inat_47020993_74569278.jpg,data/raw/inaturalist\inat_47020993_74569278.jpg,1,0.681,
inat_47172293_74808356.jpg,data/raw/inaturalist\inat_47172293_74808356.jpg,1,0.68,
inat_47272875_74973262.jpg,data/raw/inaturalist\inat_47272875_74973262.jpg,0,0.0,
inat_4763347_5797828.jpg,data/raw/inaturalist\inat_4763347_5797828.jpg,1,0.215,cat
inat_4763347_5797867.jpg,data/raw/inaturalist\inat_4763347_5797867.jpg,2,0.6,
inat_48083699_76277375.jpg,data/raw/inaturalist\inat_48083699_76277375.jpg,0,0.0,
inat_48083699_76277498.jpg,data/raw/inaturalist\inat_48083699_76277498.jpg,1,0.052,
inat_48083699_76277571.jpg,data/raw/inaturalist\inat_48083699_76277571.jpg,0,0.0,
inat_48083699_76277646.jpg,data/raw/inaturalist\inat_48083699_76277646.jpg,0,0.0,
inat_48083699_77737788.jpg,data/raw/inaturalist\inat_48083699_77737788.jpg,0,0.0,
inat_48546645_77036783.jpg,data/raw/inaturalist\inat_48546645_77036783.jpg,3,0.144,
inat_48660817_77200359.jpg,data/raw/inaturalist\inat_48660817_77200359.jpg,1,0.451,
inat_49344081_78329193.jpg,data/raw/inaturalist\inat_49344081_78329193.jpg,2,0.857,
inat_49344081_78329214.jpg,data/raw/inaturalist\inat_49344081_78329214.jpg,2,0.596,
inat_49344081_78329285.jpg,data/raw/inaturalist\inat_49344081_78329285.jpg,1,0.282,elephant
inat_49344081_78329345.jpg,data/raw/inaturalist\inat_49344081_78329345.jpg,1,0.894,
inat_49478668_78544255.jpg,data/raw/inaturalist\inat_49478668_78544255.jpg,0,0.0,banana;chair
inat_49481551_78549048.jpg,data/raw/inaturalist\inat_49481551_78549048.jpg,0,0.0,banana;bird
inat_49672975_78858104.jpg,data/raw/inaturalist\inat_49672975_78858104.jpg,1,0.891,
inat_49672975_78858215.jpg,data/raw/inaturalist\inat_49672975_78858215.jpg,3,0.861,
inat_49672975_78858327.jpg,data/raw/inaturalist\inat_49672975_78858327.jpg,1,0.669,
inat_51211446_81351776.jpg,data/raw/inaturalist\inat_51211446_81351776.jpg,1,0.599,bird;cat
inat_52993006_84267923.jpg,data/raw/inaturalist\inat_52993006_84267923.jpg,0,0.0,
inat_53099915_84436898.jpg,data/raw/inaturalist\inat_53099915_84436898.jpg,0,0.0,bird
inat_53181777_84570836.jpg,data/raw/inaturalist\inat_53181777_84570836.jpg,1,0.803,
inat_54074871_86022890.jpg,data/raw/inaturalist\inat_54074871_86022890.jpg,0,0.0,bird
inat_54075142_86023360.jpg,data/raw/inaturalist\inat_54075142_86023360.jpg,0,0.0,potted plant
inat_54075578_86023734.jpg,data/raw/inaturalist\inat_54075578_86023734.jpg,0,0.0,
inat_54076358_86025597.jpg,data/raw/inaturalist\inat_54076358_86025597.jpg,0,0.0,bird;giraffe
inat_54076564_86026165.jpg,data/raw/inaturalist\inat_54076564_86026165.jpg,0,0.0,
inat_54076972_86026776.jpg,data/raw/inaturalist\inat_54076972_86026776.jpg,0,0.0,
inat_54081104_86027245.jpg,data/raw/inaturalist\inat_54081104_86027245.jpg,0,0.0,giraffe
inat_55413181_88234251.jpg,data/raw/inaturalist\inat_55413181_88234251.jpg,1,0.94,
inat_58358735_93165305.jpg,data/raw/inaturalist\inat_58358735_93165305.jpg,1,0.629,
inat_58367708_93178554.jpg,data/raw/inaturalist\inat_58367708_93178554.jpg,6,0.258,bird
inat_58367719_93180257.jpg,data/raw/inaturalist\inat_58367719_93180257.jpg,2,0.471,
inat_58662504_93671104.jpg,data/raw/inaturalist\inat_58662504_93671104.jpg,2,0.809,
inat_58910805_94086278.jpg,data/raw/inaturalist\inat_58910805_94086278.jpg,3,0.327,
inat_59237210_94637576.jpg,data/raw/inaturalist\inat_59237210_94637576.jpg,3,0.643,
inat_59237210_94637579.jpg,data/raw/inaturalist\inat_59237210_94637579.jpg,1,0.917,
inat_59237210_94637599.jpg,data/raw/inaturalist\inat_59237210_94637599.jpg,2,0.488,
inat_61182724_97878360.jpg,data/raw/inaturalist\inat_61182724_97878360.jpg,3,0.825,
inat_61744903_98837255.jpg,data/raw/inaturalist\inat_61744903_98837255.jpg,0,0.0,broccoli;carrot
inat_61770689_98884410.jpg,data/raw/inaturalist\inat_61770689_98884410.jpg,1,0.804,
inat_61770689_98884432.jpg,data/raw/inaturalist\inat_61770689_98884432.jpg,1,0.382,
inat_61770689_98884458.jpg,data/raw/inaturalist\inat_61770689_98884458.jpg,1,0.059,bird
inat_61952422_99198203.jpg,data/raw/inaturalist\inat_61952422_99198203.jpg,2,0.742,bird
inat_62669810_100450669.jpg,data/raw/inaturalist\inat_62669810_100450669.jpg,1,0.947,
inat_63502754_101921888.jpg,data/raw/inaturalist\inat_63502754_101921888.jpg,1,0.95,
inat_63854124_102552886.jpg,data/raw/inaturalist\inat_63854124_102552886.jpg,1,0.929,
inat_64181768_103143017.jpg,data/raw/inaturalist\inat_64181768_103143017.jpg,0,0.0,
inat_64181768_103143035.jpg,data/raw/inaturalist\inat_64181768_103143035.jpg,2,0.523,
inat_64440045_103601814.jpg,data/raw/inaturalist\inat_64440045_103601814.jpg,1,0.911,airplane
inat_65040579_104654675.jpg,data/raw/inaturalist\inat_65040579_104654675.jpg,1,0.938,
inat_65757559_105892367.jpg,data/raw/inaturalist\inat_65757559_105892367.jpg,3,0.112,
inat_65757559_105892677.jpg,data/raw/inaturalist\inat_65757559_105892677.jpg,0,0.0,cat;dog
inat_65757866_105892957.jpg,data/raw/inaturalist\inat_65757866_105892957.jpg,1,0.11,bird
inat_65758026_105893345.jpg,data/raw/inaturalist\inat_65758026_105893345.jpg,4,0.229,
inat_65758297_105893594.jpg,data/raw/inaturalist\inat_65758297_105893594.jpg,2,0.851,
inat_65758967_105894642.jpg,data/raw/inaturalist\inat_65758967_105894642.jpg,1,0.72,
inat_65759134_105894914.jpg,data/raw/inaturalist\inat_65759134_105894914.jpg,1,0.095,cow;elephant;giraffe;sheep
inat_66042093_106382972.jpg,data/raw/inaturalist\inat_66042093_106382972.jpg,2,0.835,
inat_66099850_106484602.jpg,data/raw/inaturalist\inat_66099850_106484602.jpg,1,0.94,
inat_66545226_107298059.jpg,data/raw/inaturalist\inat_66545226_107298059.jpg,1,0.846,
inat_66545226_107298070.jpg,data/raw/inaturalist\inat_66545226_107298070.jpg,1,0.901,
inat_66545226_107298076.jpg,data/raw/inaturalist\inat_66545226_107298076.jpg,1,0.931,
inat_66545226_107298083.jpg,data/raw/inaturalist\inat_66545226_107298083.jpg,1,0.932,
inat_66545226_107298092.jpg,data/raw/inaturalist\inat_66545226_107298092.jpg,1,0.957,
inat_66617503_107432313.jpg,data/raw/inaturalist\inat_66617503_107432313.jpg,1,0.892,
inat_66617503_107432442.jpg,data/raw/inaturalist\inat_66617503_107432442.jpg,1,0.94,
inat_67243217_108592992.jpg,data/raw/inaturalist\inat_67243217_108592992.jpg,0,0.0,
inat_67243217_108593637.jpg,data/raw/inaturalist\inat_67243217_108593637.jpg,0,0.0,
inat_67876056_109777008.jpg,data/raw/inaturalist\inat_67876056_109777008.jpg,1,0.851,
inat_68270326_110501282.jpg,data/raw/inaturalist\inat_68270326_110501282.jpg,1,0.208,bird;sheep
inat_68738508_111379636.jpg,data/raw/inaturalist\inat_68738508_111379636.jpg,0,0.0,vase
inat_68738508_111379645.jpg,data/raw/inaturalist\inat_68738508_111379645.jpg,0,0.0,person
inat_68738508_111379657.jpg,data/raw/inaturalist\inat_68738508_111379657.jpg,0,0.0,person
inat_69658628_113075999.jpg,data/raw/inaturalist\inat_69658628_113075999.jpg,2,0.169,
inat_69658628_113076001.jpg,data/raw/inaturalist\inat_69658628_113076001.jpg,1,0.108,
inat_69658628_113076093.jpg,data/raw/inaturalist\inat_69658628_113076093.jpg,0,0.0,vase
inat_69658628_113076108.jpg,data/raw/inaturalist\inat_69658628_113076108.jpg,0,0.0,bird
inat_69658628_113076112.jpg,data/raw/inaturalist\inat_69658628_113076112.jpg,0,0.0,giraffe
inat_70571311_114748972.jpg,data/raw/inaturalist\inat_70571311_114748972.jpg,0,0.0,bird
inat_70734170_115044458.jpg,data/raw/inaturalist\inat_70734170_115044458.jpg,1,0.855,
inat_71771197_116903880.jpg,data/raw/inaturalist\inat_71771197_116903880.jpg,4,0.201,
inat_7346685_9522552.jpg,data/raw/inaturalist\inat_7346685_9522552.jpg,1,0.904,
inat_73568198_120116262.jpg,data/raw/inaturalist\inat_73568198_120116262.jpg,1,0.965,
inat_73568198_120116278.jpg,data/raw/inaturalist\inat_73568198_120116278.jpg,1,0.835,dog
inat_73568198_120116291.jpg,data/raw/inaturalist\inat_73568198_120116291.jpg,1,0.768,dog
inat_73568198_120116305.jpg,data/raw/inaturalist\inat_73568198_120116305.jpg,1,0.832,dog
inat_73568198_120116320.jpg,data/raw/inaturalist\inat_73568198_120116320.jpg,1,0.943,
inat_73568198_120116331.jpg,data/raw/inaturalist\inat_73568198_120116331.jpg,1,0.93,
inat_73568198_120116346.jpg,data/raw/inaturalist\inat_73568198_120116346.jpg,1,0.939,
inat_73568198_120116357.jpg,data/raw/inaturalist\inat_73568198_120116357.jpg,2,0.41,giraffe
inat_73568198_120116370.jpg,data/raw/inaturalist\inat_73568198_120116370.jpg,2,0.766,
inat_73568198_120116378.jpg,data/raw/inaturalist\inat_73568198_120116378.jpg,1,0.872,
inat_73568198_120116390.jpg,data/raw/inaturalist\inat_73568198_120116390.jpg,1,0.826,
inat_73568198_120116402.jpg,data/raw/inaturalist\inat_73568198_120116402.jpg,2,0.599,
inat_73568198_120116410.jpg,data/raw/inaturalist\inat_73568198_120116410.jpg,2,0.763,
inat_73568198_120116424.jpg,data/raw/inaturalist\inat_73568198_120116424.jpg,4,0.373,
inat_73568198_120116433.jpg,data/raw/inaturalist\inat_73568198_120116433.jpg,3,0.555,
inat_73720061_120391343.jpg,data/raw/inaturalist\inat_73720061_120391343.jpg,1,0.878,
inat_73720061_120391349.jpg,data/raw/inaturalist\inat_73720061_120391349.jpg,2,0.86,
inat_73720061_120391361.jpg,data/raw/inaturalist\inat_73720061_120391361.jpg,1,0.923,sheep
inat_73720061_120391383.jpg,data/raw/inaturalist\inat_73720061_120391383.jpg,1,0.944,
inat_73720061_120391404.jpg,data/raw/inaturalist\inat_73720061_120391404.jpg,1,0.915,
inat_73720061_120391409.jpg,data/raw/inaturalist\inat_73720061_120391409.jpg,1,0.893,
inat_73720061_120391413.jpg,data/raw/inaturalist\inat_73720061_120391413.jpg,1,0.912,
inat_73720061_120391422.jpg,data/raw/inaturalist\inat_73720061_120391422.jpg,1,0.906,bird;sheep
inat_73720061_120391433.jpg,data/raw/inaturalist\inat_73720061_120391433.jpg,2,0.752,
inat_73720061_120391440.jpg,data/raw/inaturalist\inat_73720061_120391440.jpg,4,0.381,bird
inat_73720061_120391444.jpg,data/raw/inaturalist\inat_73720061_120391444.jpg,1,0.923,
inat_73720061_120391445.jpg,data/raw/inaturalist\inat_73720061_120391445.jpg,1,0.911,bird;sheep
inat_73720061_120391455.jpg,data/raw/inaturalist\inat_73720061_120391455.jpg,1,0.937,
inat_73720061_120391459.jpg,data/raw/inaturalist\inat_73720061_120391459.jpg,1,0.922,
inat_73720061_120391466.jpg,data/raw/inaturalist\inat_73720061_120391466.jpg,1,0.929,
inat_73720061_120391470.jpg,data/raw/inaturalist\inat_73720061_120391470.jpg,1,0.905,
inat_73720061_120391473.jpg,data/raw/inaturalist\inat_73720061_120391473.jpg,1,0.937,
inat_73720061_120391478.jpg,data/raw/inaturalist\inat_73720061_120391478.jpg,1,0.91,
inat_7538062_9833482.jpg,data/raw/inaturalist\inat_7538062_9833482.jpg,1,0.904,person
inat_7538062_9835026.jpg,data/raw/inaturalist\inat_7538062_9835026.jpg,1,0.957,
inat_7538062_9835051.jpg,data/raw/inaturalist\inat_7538062_9835051.jpg,1,0.476,backpack;dog;person
inat_77204419_126244745.jpg,data/raw/inaturalist\inat_77204419_126244745.jpg,0,0.0,carrot
inat_77511026_126767390.jpg,data/raw/inaturalist\inat_77511026_126767390.jpg,1,0.179,bird
inat_79222935_129740683.jpg,data/raw/inaturalist\inat_79222935_129740683.jpg,1,0.809,cow
inat_80101886_131257849.jpg,data/raw/inaturalist\inat_80101886_131257849.jpg,3,0.567,
inat_82444676_135310724.jpg,data/raw/inaturalist\inat_82444676_135310724.jpg,0,0.0,
inat_83581046_137286429.jpg,data/raw/inaturalist\inat_83581046_137286429.jpg,2,0.854,
inat_86459237_142431902.jpg,data/raw/inaturalist\inat_86459237_142431902.jpg,1,0.727,dog
inat_8649458_11581021.jpg,data/raw/inaturalist\inat_8649458_11581021.jpg,3,0.316,
inat_8649496_11581072.jpg,data/raw/inaturalist\inat_8649496_11581072.jpg,1,0.824,
inat_87003478_143419381.jpg,data/raw/inaturalist\inat_87003478_143419381.jpg,1,0.942,
inat_8701613_11666750.jpg,data/raw/inaturalist\inat_8701613_11666750.jpg,1,0.828,
inat_8821614_11850866.jpg,data/raw/inaturalist\inat_8821614_11850866.jpg,1,0.929,
inat_88943612_146818508.jpg,data/raw/inaturalist\inat_88943612_146818508.jpg,1,0.203,cow;elephant
inat_88943615_146818538.jpg,data/raw/inaturalist\inat_88943615_146818538.jpg,2,0.635,
inat_88943616_146818569.jpg,data/raw/inaturalist\inat_88943616_146818569.jpg,2,0.148,bird
inat_89412031_147647268.jpg,data/raw/inaturalist\inat_89412031_147647268.jpg,2,0.182,cow;elephant
inat_8993378_12120443.jpg,data/raw/inaturalist\inat_8993378_12120443.jpg,1,0.493,giraffe
inat_90085545_148838187.jpg,data/raw/inaturalist\inat_90085545_148838187.jpg,1,0.939,
inat_9053871_12221204.jpg,data/raw/inaturalist\inat_9053871_12221204.jpg,0,0.0,cow;giraffe
inat_91872417_152032560.jpg,data/raw/inaturalist\inat_91872417_152032560.jpg,0,0.0,bench
inat_94784968_157264487.jpg,data/raw/inaturalist\inat_94784968_157264487.jpg,0,0.0,cake;cell phone
inat_94945335_157557814.jpg,data/raw/inaturalist\inat_94945335_157557814.jpg,3,0.911,apple
inat_96432888_160206027.jpg,data/raw/inaturalist\inat_96432888_160206027.jpg,1,0.963,
inat_97319000_161830515.jpg,data/raw/inaturalist\inat_97319000_161830515.jpg,1,0.24,bird
inat_97319000_161830533.jpg,data/raw/inaturalist\inat_97319000_161830533.jpg,0,0.0,cow;sheep
inat_97319000_161830545.jpg,data/raw/inaturalist\inat_97319000_161830545.jpg,0,0.0,cow;elephant;person
inat_97319000_161830557.jpg,data/raw/inaturalist\inat_97319000_161830557.jpg,1,0.067,cow;traffic light
inat_97319000_161830573.jpg,data/raw/inaturalist\inat_97319000_161830573.jpg,1,0.596,cow;elephant;sheep
inat_97400266_161976305.jpg,data/raw/inaturalist\inat_97400266_161976305.jpg,3,0.576,
inat_98639476_164270301.jpg,data/raw/inaturalist\inat_98639476_164270301.jpg,0,0.0,
inat_98670528_164334614.jpg,data/raw/inaturalist\inat_98670528_164334614.jpg,4,0.752,
inat_98670528_164334906.jpg,data/raw/inaturalist\inat_98670528_164334906.jpg,2,0.8,
inat_99109154_165160691.jpg,data/raw/inaturalist\inat_99109154_165160691.jpg,1,0.426,bird;cow;sheep
inat_99549905_165975083.jpg,data/raw/inaturalist\inat_99549905_165975083.jpg,1,0.876,apple
inat_99645347_166153700.jpg,data/raw/inaturalist\inat_99645347_166153700.jpg,3,0.165,
